0 479 7.87898470617
1 512 5.81847865662
2 598 8.44013672391
4 255 6.56998741961
5 779 13.448110781
6 1044 0.0
7 749 4.94810987752
8 483 16.1601939564
9 647 10.0814540759
11 311 0.755793946652
12 18 0.0
13 9 0.0
14 376 6.46209575507
15 85 1.44878555757
16 9 0.0
17 9 0.0
18 9 0.0
19 25 0.0
21 37 0.0
22 9 0.0
24 9 0.0
25 487 2.94072882151
29 1443 0.0
31 448 6.75377157531
33 299 0.0
36 26 0.0
38 1082 0.0
56 567 6.94214906866
57 42 0.0
135 18 0.0
138 126 4.48998886413
141 45 0.0
147 9 0.0
172 472 4.01240074829
173 560 5.28458052397
186 287 0.0
187 533 1.6490566258
188 246 10.9055784421
189 901 8.84719673145
190 347 1.9500787869
201 505 3.14354045559
202 383 3.44438789918
204 489 0.0
207 737 0.387824913157
209 803 6.27629708276
210 691 8.33970008055
211 493 3.5373512018
216 979 12.1258190377
220 211 11.2089674561
232 250 1.05529723059
235 144 6.6816
239 570 7.90456308826
241 725 7.5023038856
242 2348 0.0
244 723 4.09629518547
252 209 0.0
254 757 7.48056375656
258 711 5.90277688675
259 602 6.03157320203
260 552 11.7983571444
263 721 4.02925084281
283 779 10.6730025316
290 631 7.44691845629
291 783 13.1340156929
295 400 8.576
299 253 2.83580788618
305 305 2.24540346813
306 188 1.95875845726
307 214 8.46627811169
310 265 3.25390368258
312 447 4.1994796459
313 240 2.66284203552
314 210 6.35301956553
316 593 4.16620939562
318 542 8.67113505891
319 259 3.53688641766
320 195 4.97924902132
321 388 0.562791874388
324 183 0.0
325 304 6.16921194478
329 599 4.54805700465
332 455 6.96722554332
334 568 3.67432920303
335 453 1.01189250377
336 442 0.0
340 200 5.55987960522
341 87 3.42394760212
348 244 0.0
349 963 19.3215600678
350 323 6.67333488628
354 374 1.93169778005
355 290 3.74257256933
356 227 3.44377581104
357 162 6.5457884887
358 766 9.94779854223
359 153 21.959424956
373 494 12.0706832438
388 779 7.34287263233
389 181 6.71912423837
392 1135 0.0
393 274 2.83764777553
394 159 1.08081601825
395 159 9.54576707319
396 230 2.80089753545
398 478 3.53809222062
399 362 11.5071047827
401 142 1.79222284329
402 252 1.69811878434
403 446 1.81017532131
404 458 10.2479903774
406 703 5.58160675221
407 1254 0.0
408 793 6.30467895753
409 193 5.46171512271
410 485 0.946347548014
411 1 0.0
412 217 5.6095342837
416 1025 0.0
417 424 0.0
419 457 8.0233030336
421 438 3.88910387957
422 375 3.87298334621
423 419 0.58484255687
424 343 2.18433228241
425 91 3.4014746382
427 328 9.69909365881
428 425 5.04196916504
430 316 10.763349491
435 292 1.46468635634
438 304 0.747239818893
439 299 4.81991457829
440 378 2.22196823945
449 355 6.88197188638
456 82 6.40810797433
458 343 2.91244304322
464 523 8.69029343578
465 263 8.54604043739
469 337 10.3138015696
473 258 8.03486060288
474 339 0.526055789701
475 413 6.74935983589
476 310 6.85760364166
480 574 6.7055850973
481 685 8.81789071173
484 390 5.42573669145
485 431 13.6094233744
486 788 6.35214270132
487 635 8.99971654882
495 349 0.0
552 290 14.2346207863
553 600 6.15591765072
555 919 7.18205959977
585 290 4.22718024992
586 377 4.99281115859
587 332 2.73625365097
589 198 8.88498756789
590 391 5.08467083999
591 720 7.70025146263
592 220 1.69513108276
599 391 7.98180329193
605 458 6.43740111536
606 781 5.16768438286
615 272 0.0
618 254 15.7097006298
619 443 11.2814949364
620 203 1.35476289122
627 507 0.78229311903
628 399 8.44199910245
629 547 8.79924553946
630 961 8.97051428571
631 975 10.3095995528
635 849 4.9583877946
639 784 6.2784
643 566 5.69074847801
645 877 9.63222545807
646 604 4.18782051191
648 183 32.0182499592
662 819 5.11202390336
666 735 3.60032531863
667 403 9.81947432817
668 494 5.8778537513
671 871 12.2098293759
673 802 2.80930476809
680 1350 0.0
684 1084 0.0
686 702 3.26421881619
688 697 2.85731627588
691 752 9.49606100078
693 230 10.3993720376
694 297 3.97064170129
697 614 5.21633840895
698 970 10.2866901124
699 227 6.1436960469
700 367 3.90588838906
701 332 7.15299185014
702 642 8.65826052191
703 508 0.321983647702
754 834 11.8684677863
757 476 2.24407792073
759 336 6.28886502229
763 1063 0.0
764 339 3.94752264591
765 834 1.23767392099
766 526 2.29346898824
767 511 5.58544894832
768 697 1.88576839749
769 558 7.24048769763
770 536 2.84434849611
781 534 5.10234355566
782 511 7.44295949126
785 454 6.77449613073
787 235 16.9800624657
789 840 7.45602035558
790 379 17.2385671135
795 469 3.50462554103
797 436 2.18590188849
798 411 4.99530044742
799 275 1.42141062444
802 141 11.4373662982
807 410 6.15090262764
810 764 5.1837877054
813 511 5.24701517763
817 147 7.27461339179
818 137 0.0
819 349 4.00105247215
821 427 6.19683189841
822 220 1.41034906086
823 525 4.74754841997
829 702 5.69270071841
830 807 3.48035463921
831 278 4.96770017433
833 735 8.13326502704
840 742 6.40677201717
843 387 9.13694748438
850 309 4.39359447805
853 351 6.49194306211
855 777 9.78004452225
857 322 3.33457449502
858 654 8.06951118283
859 649 5.12129903036
861 10 0.0
863 662 0.526349206656
864 412 1.44752190551
865 352 5.60062444099
866 563 5.61056547683
872 394 5.83913613292
873 1087 0.0
875 854 7.72496490533
876 432 4.53223260458
877 356 1.61725390835
880 1024 0.0
884 414 2.03702436522
885 395 8.44954716816
888 350 2.31768948986
899 96 3.72882324273
903 529 5.46217142857
906 491 7.36422578244
908 69 0.0
910 178 7.62380803664
918 418 4.16378012241
919 537 3.85073379405
922 1 0.0
923 170 5.43142691816
925 1371 0.0
928 363 7.97376807206
929 155 3.73070134239
930 400 12.6537142857
932 360 8.20096053309
936 226 6.01331855135
939 1780 0.0
940 468 5.43428688238
943 407 1.44332284196
944 420 3.90203885168
945 765 8.7527720922
946 618 3.43204614783
947 882 8.54298128758
950 113 6.608913511
953 227 2.01116507365
954 310 9.10322736939
957 350 5.41791989605
958 152 5.28378343112
962 472 6.90748693178
963 418 5.55170682988
964 501 5.57657186773
966 575 1.48259705949
967 531 3.76068895816
969 196 1.0
970 159 0.0
975 444 12.7198452852
976 192 0.989743318611
977 489 5.05447871714
979 298 2.21948697878
980 165 6.60611961188
981 359 0.5413512949
982 70 5.84992690553
985 502 4.14819171816
988 260 5.15247375183
989 313 1.89251776321
990 247 6.2864934582
993 832 2.65698224276
995 549 7.26754889843
1002 848 1.87036423213
1003 728 5.92975733351
1009 480 9.46965354279
1010 271 9.34105319413
1014 505 6.57986163988
1018 685 2.73091391445
1025 1060 0.0
1026 506 5.18529063551
1042 265 8.37196487799
1044 241 3.10128655646
1046 184 0.968904283304
1079 268 9.35094700659
1089 535 0.925202680498
1090 489 7.89509575618
1091 262 6.59295767959
1094 239 11.7104449598
1095 410 4.30887159242
1107 345 7.49335313625
1108 202 7.71220103726
1109 232 1.74074813848
1110 336 7.41591678178
1111 323 2.5633493192
1112 356 3.59677269218
1124 1 0.0
1125 364 2.27201062372
1135 197 38.5940791399
1136 283 1.08433697903
1137 228 13.9503683599
1138 293 5.59880557758
1139 682 6.88544048584
1150 195 1.99489143482
1194 298 3.45056242301
1213 278 7.68307138585
1252 133 1.15325625947
1261 218 4.89348421425
1286 71 4.09847924967
1288 258 3.07296245127
1293 175 1.57233220772
1310 41 8.78142752562
1327 582 4.13565877091
1415 53 0.0
1416 100 0.0
1417 129 0.0
1421 107 3.87282371404
1422 79 0.0
1427 455 6.17250352543
1441 331 5.80733500325
1461 460 10.1183698873
1462 98 1.65180144085
1464 946 8.13393822611
1465 713 3.05166398236
1466 588 1.21104992465
1467 259 3.88450551955
1469 739 9.96352755235
1478 314 4.93326056883
1480 189 8.83782455456
1492 1098 0.0
1493 1151 0.0
1495 768 11.0566205609
1504 121 3.13782857143
1505 358 5.02106305941
1507 120 0.0
1511 125 4.68168746832
1523 375 5.43988175142
1525 197 4.01019109932
1544 137 0.0
1567 289 0.728571428571
1571 222 5.9598657703
1572 566 5.66355904429
1579 463 5.73962203463
1581 132 3.44673758792
1592 129 2.27156333832
1603 233 12.4347654697
1607 295 2.17295421592
1623 384 6.81266084347
1624 446 2.71767654906
1630 438 4.78364560833
1638 797 8.20156354073
1639 572 4.64663846018
1640 595 2.65670498389
1659 901 4.77179164538
1660 161 2.17518472122
1678 135 0.0
1683 736 4.55772574866
1706 1109 0.0
1729 584 4.57636735503
1744 137 0.0
1780 105 0.0
1783 260 5.18564418371
1788 473 8.28185285549
1789 462 8.33728740264
1790 432 1.88130410002
1791 85 0.0
1798 332 8.68979184589
1799 135 0.0
1800 676 2.89417142857
1804 268 2.10480499848
1805 637 4.41896364321
1807 338 5.60157870225
1808 322 9.35772658105
1809 298 2.46215088846
1810 1619 0.0
1812 269 1.52390759161
1813 477 4.997067428
1814 769 4.13902732772
1815 275 4.26423187331
1816 416 2.59205014817
1828 763 16.0273373916
1835 470 2.78983980522
1849 904 4.77285683876
1852 958 11.4290901814
1853 212 0.0
1864 524 7.72801722565
1865 156 0.0
1929 722 7.29330137167
1930 111 6.58869683836
1932 288 2.54267517294
1933 478 12.1584440293
1934 480 4.56706717664
1938 1040 0.0
1939 116 6.93239958715
1940 153 8.65993545001
1941 129 0.0
1942 421 8.77010104426
1945 748 8.59558500817
1946 792 7.97317074418
1950 356 4.20054748463
1954 194 8.4525419145
1955 1058 0.0
1956 755 3.6646818633
1957 140 16.4798318438
1958 663 3.89027378209
1959 347 4.67933752576
1960 251 0.0
1964 82 3.62629365989
1970 390 7.12297212904
1971 119 5.1464186982
1972 195 1.99489143482
1975 672 3.49885932106
1985 102 17.0468101068
1986 423 15.8189333008
1987 267 2.1008744535
1988 323 14.9610868919
1993 203 12.4143176474
2003 505 6.55674737183
2004 421 6.62212977246
2006 653 4.19959513228
2011 481 4.07052578422
2013 476 14.2324408572
2017 857 11.8469971696
2024 887 16.4842133164
2025 710 5.20126507688
2026 262 3.23543293536
2027 166 1.10435131943
2028 91 0.0
2040 1084 0.0
2041 373 2.20722376181
2042 4421 0.0
2047 139 1.77318984883
2053 317 14.5956153295
2058 90 6.15397302827
2059 507 7.5604512622
2060 261 5.66088524526
2061 1219 0.0
2062 379 2.96357400558
2063 314 1.51886101257
2064 323 18.6150920512
2065 338 4.20223458534
2066 1137 0.0
2067 221 0.849489642704
2068 360 1.444167032
2069 582 4.82769233857
2075 247 5.84105049316
2076 547 10.6088109192
2077 1277 0.0
2079 591 5.20939104906
2080 715 2.48448004826
2081 408 3.37034907657
2082 569 3.23865376113
2083 141 4.90172841353
2085 200 4.54164584031
2086 158 5.92145560924
2097 168 1.39243343006
2099 408 10.461932887
2100 199 8.06099198838
2112 84 4.79311231546
2113 1411 0.0
2114 469 1.96021428566
2115 153 6.60733566656
2116 854 9.73218665548
2117 1840 0.0
2121 162 2.18192949623
2122 144 10.8041142857
2124 461 9.59442974452
2125 238 8.04685288047
2126 863 18.1867953738
2127 699 9.3970367192
2128 412 9.25114961408
2136 602 4.71365623087
2137 349 5.69626894114
2138 203 4.88496234815
2139 102 8.73636032897
2140 687 6.52720940291
2141 334 0.785331514036
2142 238 12.7861036567
2143 109 11.082236212
2149 104 8.72719042692
2150 138 1.17473401245
2153 268 7.48188016794
2154 411 6.80713947798
2155 204 7.99839983997
2156 326 3.2252228278
2157 551 0.557995994426
2158 225 0.0
2159 282 0.0
2160 271 1.4110352257
2161 151 7.90377392389
2168 235 10.2174705221
2169 217 2.52530054788
2170 162 0.0
2171 130 4.70664415481
2172 226 9.16086129023
2173 264 7.30884917958
2174 233 13.1953656023
2175 164 2.19535688141
2176 274 3.54138442386
2181 325 0.772618130457
2182 96 5.96835672184
2184 266 1.86207964844
2185 70 9.20995357209
2190 483 14.1307508857
2191 536 1.21182475462
2192 538 8.32362934969
2193 891 6.86370762329
2194 109 4.48873520989
2201 182 1.92724822332
2202 721 11.06586332
2203 248 4.04589021732
2204 630 2.73659542393
2208 523 10.1016493622
2209 277 8.29122499465
2210 321 11.3334488365
2212 388 4.10612951554
2213 353 5.59998529677
2214 267 5.34462460972
2215 193 3.96926971127
2216 168 0.0
2217 477 6.42480097886
2218 369 14.4893554173
2219 334 9.74562990557
2221 326 8.48091223434
2222 536 4.68589877825
2223 202 8.12152594489
2224 84 0.0
2228 335 7.91108179811
2229 480 4.6271601658
2230 872 4.85298641386
2231 154 6.51826972308
2232 244 5.91972295436
2233 203 6.36999090199
2234 273 6.72993649047
2239 369 19.8723704905
2240 161 9.24888543463
2241 87 0.0
2242 384 19.1793647151
2243 412 8.29077450369
2244 236 6.25728078752
2245 68 0.0
2249 100 0.0
2250 133 1.91901841575
2252 445 14.3976546299
2253 248 13.6494801638
2254 162 4.68678455791
2256 198 0.0
2258 166 10.672451151
2259 97 0.0
2262 149 6.93053351988
2265 1190 0.0
2266 1326 0.0
2267 315 17.9936721449
2268 541 2.2568270043
2269 930 8.0369769766
2270 107 0.0
2271 119 0.0
2272 123 2.53497977289
2274 228 5.28747261935
2275 903 8.10833734727
2278 756 7.12367938318
2279 272 3.6075996194
2280 382 3.06909520829
2282 623 0.892853710622
2283 184 4.84452141652
2284 274 2.92845250434
2285 100 0.0
2286 403 4.01038344057
2288 177 3.92281914455
2289 363 3.26615295142
2290 91 0.0
2292 116 0.0
2293 187 0.0
2294 591 5.55668378567
2295 226 16.6586104783
2296 112 0.0
2297 112 0.0
2298 109 16.1186400719
2299 1035 0.0
2300 695 5.64918271134
2301 118 0.0
2302 137 0.0
2304 137 3.64250261222
2306 726 6.00782849941
2307 52 0.0
2310 367 2.4346120452
2311 208 0.82412600582
2312 96 0.0
2313 245 3.13407287726
2322 185 10.7179587609
2323 539 0.994987437107
2324 340 0.615338738635
2325 392 4.52548339959
2326 149 7.10630792075
2327 411 11.2000382017
2328 658 2.43029741155
2329 306 4.09632700544
2330 144 1.02857142857
2331 246 0.0
2332 84 2.16611806564
2333 113 1.82717020598
2334 132 0.0
2337 117 0.0
2338 792 9.27576620663
2339 55 0.0
2344 179 17.2016847775
2345 1477 0.0
2346 67 1.63707055437
2347 97 1.40697968597
2348 106 1.32372387527
2352 204 1.63232649795
2353 631 1.43541219281
2354 225 7.11085714286
2355 318 10.7056467188
2357 357 1.89160372776
2358 723 8.23253923622
2359 124 0.0
2360 198 3.68264643086
2362 932 6.74073144992
2363 86 0.0
2364 1982 0.0
2366 282 11.8375238271
2368 39 3.35445606771
2374 479 7.29368869942
2377 148 0.0
2382 86 2.19175349128
2383 202 3.97629910262
2384 126 2.24499443206
2386 200 6.56195092941
2387 465 5.69778756633
2388 59 0.0
2390 1148 0.0
2391 636 3.2510945829
2394 643 5.16422473088
2395 369 2.19535688141
2398 564 3.05340225095
2399 632 5.86686674142
2400 480 2.46381255582
2401 268 0.0
2402 149 0.0
2407 589 7.03116934566
2408 194 14.1512424896
2410 309 11.1497253558
2415 243 0.0
2416 231 5.6486995277
2417 112 2.94147071475
2418 151 4.74394959398
2423 266 1.39795769403
2427 174 1.50753210952
2428 174 1.50753210952
2429 174 6.94218536433
2431 130 0.0
2434 165 1.83209717236
2435 205 0.0
2436 178 3.81190401832
2437 220 1.69513108276
2439 648 2.94996867891
2440 464 5.00235652027
2447 108 5.51564156595
2448 115 3.67673324392
2453 256 9.79748571429
2454 115 4.2944244289
2458 675 3.58682978665
2459 700 11.118202938
2461 667 2.48818368769
2462 344 8.53384870008
2463 294 5.63186681661
2465 328 1.93733496898
2466 288 0.727309832078
2467 594 6.11948995714
2468 566 4.0784150583
2469 599 5.07111153102
2470 184 9.20071507425
2471 379 5.3575722263
2472 155 1.60496991389
2473 1352 0.0
2477 186 1.7534805039
2478 301 5.10368353699
2479 48 0.0
2480 342 3.17027005867
2481 152 0.0
2483 158 6.60237990783
2487 289 2.54708571429
2488 147 0.0
2491 403 3.32210252972
2495 426 6.00086495643
2496 601 5.9256985535
2497 791 10.179542317
2498 241 3.6974148648
2500 220 3.49875055483
2502 2506 0.0
2503 197 3.84978345535
2505 593 4.04653871826
2510 127 0.0
2511 187 0.0
2512 131 6.18973891533
2514 690 2.1074321661
2515 245 0.0
2517 98 1.41421356237
2519 296 0.0
2522 320 1.27570872499
2523 580 4.24139365621
2524 275 8.82980279901
2525 297 4.18926334258
2530 232 7.66625480188
2531 257 0.0
2538 544 4.0543441518
2539 302 10.2481416613
2540 277 3.92592071323
2541 125 7.02253120248
2542 304 1.12384868761
2543 258 1.37677529179
2548 974 7.9859303658
2549 299 3.70534638553
2550 148 0.0
2560 3113 0.0
2562 1 0.0
2563 868 3.2256505665
2565 257 4.06185299707
2566 668 4.85012946025
2568 101 2.58425373115
2575 474 7.77803855365
2577 412 1.44752190551
2579 501 5.67889428732
2580 840 2.69291183878
2585 618 6.321442615
2586 288 7.09272548242
2588 173 10.3269419462
2589 242 9.00312597468
2590 384 7.60993476204
2591 117 1.23618900873
2592 182 0.0
2593 389 2.5380790139
2594 254 1.36606092433
2595 115 1.22557774797
2605 3757 0.0
2624 583 1.42388831481
2625 172 2.96770932071
2626 190 0.0
2627 114 0.0
2628 73 0.0
2634 1139 0.0
2635 330 2.67194468964
2636 111 2.03729441712
2637 162 0.0
2639 540 0.597546001986
2642 250 2.71052370872
2646 626 3.43131318945
2666 256 14.9156571429
2668 2130 0.0
2670 435 6.03531965168
2671 295 3.86302971719
2672 559 1.35103890486
2677 205 12.540774929
2678 215 1.26016965492
2679 158 0.0
2680 543 3.58989506435
2681 51 0.0
2688 110 0.0
2691 206 8.41150240961
2698 185 3.40425376161
2700 142 0.0
2701 224 0.0
2705 85 0.0
2706 655 7.50239569901
2707 96 3.50486989482
2708 846 13.4394306264
2719 153 9.67775352445
2720 200 3.70119892324
2728 497 7.14920594832
2730 827 5.82382638001
2732 405 10.0186067417
2733 535 6.81477860092
2734 265 14.9132601027
2735 229 24.2123935207
2736 172 7.17945840718
2737 147 4.3897095667
2738 289 11.1150857143
2740 615 5.72790515826
2741 58 0.0
2742 497 7.27150170224
2743 158 4.84404374439
2745 472 1.24146062757
2746 318 7.07391961942
2747 1088 0.0
2755 146 0.0
2757 272 8.600562729
2765 172 12.9799811704
2766 464 15.1449297799
2767 167 3.83993197219
2798 501 0.639515122446
2799 177 0.0
2800 90 0.0
2802 71 0.0
2804 201 6.93479687327
2805 252 8.54502080579
2809 181 5.12775270823
2811 165 10.6050240169
2812 291 0.0
2813 629 7.24593342255
2814 877 4.20690662136
2815 78 0.0
2837 335 7.9612843267
2838 680 15.2318370254
2839 492 6.90528490136
2842 266 19.0905102696
2843 180 6.34787754984
2844 405 9.77941135577
2845 210 0.0
2847 117 7.41713405238
2851 624 6.22929628915
2858 212 10.3036435279
2860 350 3.74165738677
2861 220 0.0
2862 178 0.95297600458
2863 222 5.31960590469
2864 219 5.46619796949
2871 119 21.2040429309
2877 275 3.5535265611
2878 276 4.36311351703
2889 970 4.62723084643
2890 762 5.7006921032
2892 471 15.9681047496
2893 235 1.26842398114
2894 484 4.4
2895 187 2.37550712953
2896 152 2.11351337245
2900 179 4.77824577152
2905 423 4.99248355586
2906 422 4.62972380434
2907 196 4.128
2912 163 6.706034281
2913 543 2.1651221716
2914 343 2.11660104885
2915 404 14.5269516407
2918 380 5.92159528423
2919 96 0.0
2920 187 7.93919488027
2921 336 8.44660352094
2922 337 7.41016011879
2923 316 4.18710141579
2924 304 1.49447963779
2925 406 6.04713529722
2926 329 0.0
2927 349 3.46729413809
2928 178 5.24517992921
2929 212 2.0767033467
2931 707 3.82584511373
2932 648 5.94066670841
2933 719 5.87460276076
2934 595 2.19394210107
2940 471 6.6174127791
2944 227 0.860943952761
2946 284 2.08005525829
2947 530 2.30480394137
2954 420 2.01894207092
2959 667 6.00646951891
2960 450 4.14566604284
2961 337 1.04900341432
2962 292 5.54823191782
2965 407 3.4584413146
2971 2518 0.0
2972 585 2.825015115
2973 432 2.37538396467
2976 316 2.02955570809
2982 1124 0.0
2984 674 7.29592605942
2985 399 0.0
3002 479 3.18661159227
3003 416 4.15380698204
3005 168 1.34058750447
3006 147 2.07846096908
3007 297 2.95434650393
3008 183 1.93253560835
3012 156 6.0294563532
3014 81 2.77714285714
3015 486 8.26891748827
3016 108 12.0253813211
3017 430 9.00554024487
3018 200 7.20036733757
3021 513 8.16676376341
3022 2335 0.0
3024 236 3.51138091331
3040 768 9.41285485732
3049 639 4.21211189804
3050 595 2.48386583489
3054 143 1.84498880036
3057 339 2.89541106651
3058 337 10.5571703618
3062 364 7.17798365958
3064 170 7.68893357962
3070 682 5.52148456819
3071 1458 0.0
3080 394 12.93048794
3081 194 10.6094523277
3082 328 6.3087574631
3085 173 0.93949617414
3102 132 0.0
3104 349 6.20867694184
3106 229 0.864728340024
3112 276 4.7219596679
3113 415 15.789696443
3126 921 0.4335425973
3131 125 7.66651878
3132 106 1.32372387527
3147 90 16.7922364802
3148 203 6.81289415489
3149 111 4.29132228288
3153 326 7.15615660065
3160 121 6.44662857143
3161 299 1.48213855421
3162 508 3.22756408457
3163 293 3.57994905904
3174 223 9.24321455736
3184 387 3.49829977502
3185 887 4.67671052998
3186 188 4.04287745578
3192 282 0.0
3195 207 0.0
3196 236 4.47349928356
3198 327 1.88477998673
3200 202 6.7051318201
3201 214 5.12256637722
3202 442 12.7728571151
3204 242 5.7816282918
3207 345 0.530690732029
3208 629 8.83384762987
3219 519 1.1924525425
3220 236 1.75569045666
3224 104 0.0
3225 395 1.42188616324
3226 380 5.29334476875
3227 372 4.03820987295
3229 384 7.23369313754
3236 593 9.60148457909
3237 100 4.28571428571
3238 38 6.86891846045
3244 1080 0.0
3248 53 3.74405651449
3257 386 3.53868424481
3258 1 0.0
3259 598 6.90023098389
3262 103 13.0485748694
3267 71 11.7966096824
3269 206 19.6837029866
3270 458 5.27319027535
3275 974 4.68312933019
3276 216 1.67965010934
3277 463 4.51005433227
3278 419 12.3565535416
3289 276 4.88714281672
3290 654 5.04161781615
3291 77 0.0
3295 217 19.0980062768
3296 298 3.45648105496
3297 583 2.2406924644
3299 174 4.71103784224
3300 146 0.0
3301 779 12.1466807054
3305 236 4.38922614164
3306 132 23.9249545103
3311 102 0.0
3312 897 10.8607105795
3313 211 3.56588597389
3314 249 0.901699076461
3315 481 9.22886449353
3320 84 1.44023807556
3321 90 0.0
3323 140 7.09929573972
3331 289 0.0
3344 220 8.10272657562
3345 382 4.82031110589
3346 136 0.0
3348 171 0.934049773616
3350 216 5.87877538268
3356 138 6.02403601583
3360 103 7.18193560812
3362 214 4.17963966809
3364 1078 0.0
3365 199 6.27145176696
3368 255 6.70138716801
3372 1603 0.0
3373 735 4.61659614868
3374 168 5.36975657868
3375 210 6.15428068444
3376 199 2.0152479971
3382 258 0.688387645895
3383 119 0.0
3384 135 0.0
3385 45 0.0
3387 1 0.0
3388 145 4.5744297577
3391 1 0.0
3392 68 3.29848450049
3394 117 1.23618900873
3398 505 4.4738949948
3399 89 0.0
3400 63 0.0
3401 1 0.0
3402 147 3.64146361783
3405 130 13.5270412434
3406 457 7.10467881294
3407 947 3.81238031724
3408 105 1.31746509848
3412 678 2.75263435973
3413 1761 0.0
3415 174 1.5678333939
3416 681 6.56723893674
3420 187 1.95354204731
3421 916 17.8514518515
3422 730 1.88975193707
3423 209 1.24246147265
3424 500 10.1453598522
3428 288 5.31808949215
3432 281 2.16099721198
3433 779 20.073283004
3434 132 0.0
3438 376 4.60058668983
3439 140 2.36643191324
3440 272 1.4136362145
3441 204 12.3469176305
3442 1370 0.0
3443 396 10.2659960939
3445 162 3.8227404774
3446 1079 0.0
3467 403 17.3171477171
3468 97 0.0
3473 383 6.5040779291
3474 1117 0.0
3475 238 5.79711925307
3480 560 1.83635116467
3481 1749 0.0
3482 177 0.0
3483 301 1.98080025387
3484 138 0.0
3485 624 8.49890699028
3486 352 3.03617312727
3487 243 5.4586323508
3490 1082 0.0
3495 148 7.43278822559
3496 204 4.08081624488
3497 1267 0.0
3498 330 12.7991756112
3499 755 3.70864548462
3501 403 6.88739764794
3507 391 3.73779803082
3509 263 7.20603019314
3513 762 13.3668137472
3517 462 7.06483163524
3521 109 1.34232512257
3522 134 4.63033476112
3523 292 6.30401007769
3524 335 13.3036700783
3525 323 2.31071152572
3529 418 12.8465000634
3530 592 1.73793215151
3535 738 5.53258159411
3536 448 3.62845894089
3537 208 6.01282333847
3539 610 11.5192302521
3540 119 4.15902441308
3541 278 8.10038106677
3542 598 11.2879841814
3543 657 4.47608150498
3547 771 4.53472927671
3549 244 3.71321584592
3550 258 3.05093404661
3555 574 4.0633271884
3559 453 4.2129755205
3560 173 1.87899234828
3569 234 0.0
3570 991 7.02637003295
3571 997 13.6297067214
3572 970 29.3473217914
3579 443 13.7254179333
3582 400 16.4708571429
3585 594 4.14465227866
3587 186 0.0
3589 204 0.0
3590 121 1.25714285714
3591 496 6.75512988295
3592 147 19.8867145522
3593 578 2.34371552777
3596 452 4.4561571247
3602 155 7.32480950062
3603 192 3.89562970205
3612 522 9.68204114624
3613 1698 0.0
3614 195 6.91030393023
3616 218 0.0
3618 202 10.8243697793
3632 627 5.00799361022
3638 85 0.0
3639 115 5.05918494363
3641 318 1.52850467144
3643 346 6.90897080259
3651 1029 0.0
3660 2207 0.0
3662 666 8.86580220094
3663 383 12.2611262749
3664 275 4.50302885822
3665 3587 0.0
3670 121 10.1376
3674 1581 0.0
3681 657 1.87772790883
3683 318 2.75130840859
3684 1 0.0
3685 388 7.37932705698
3690 409 13.3222498138
3691 271 7.55186052794
3697 337 3.0169338196
3707 171 5.72385701272
3708 201 3.34425718374
3709 508 2.94937021295
3713 886 6.77298428518
3726 320 7.3843908889
3727 873 5.20695042184
3728 759 1.1807123412
3730 287 4.79190388647
3744 239 14.8907106399
3745 525 0.57347661554
3747 171 14.8775447942
3752 148 2.08551858182
3754 191 7.34448897932
3766 812 9.07626004287
3781 216 11.582867154
3802 357 0.898295834185
3813 68 9.89545350148
3814 127 6.90590527592
3815 425 10.4609079873
3816 465 14.9838012125
3822 135 5.65145729879
3823 118 13.7752471235
3824 183 4.76176773898
3831 214 14.5986454327
3835 113 12.6735635564
3836 137 8.68956921372
3837 177 5.73218146315
3838 280 7.44101523027
3844 742 6.6744991277
3853 2620 0.0
3858 224 20.4367188376
3868 482 12.5203368019
3869 252 0.0
3878 304 1.49447963779
3879 314 21.2762050641
3885 207 3.01233029167
3889 75 0.0
3897 429 4.61115313888
3898 708 4.11743962924
3899 153 9.85587168748
3900 265 11.6035433209
3901 145 0.0
3902 75 9.64999735646
3907 518 5.03572702312
3908 663 9.75216892121
3916 142 16.520862699
3929 498 5.81999026803
3930 374 6.09567789175
3944 1613 0.0
3945 305 6.19132582946
3949 449 2.99802853535
3956 96 2.7994168489
3958 594 7.45925994775
3965 679 1.61110594136
3966 193 0.992317427818
3980 309 7.91329156335
3981 246 0.0
3983 85 5.7951422303
3985 264 7.77679379168
3990 121 1.89074285714
3998 597 2.61928014538
3999 115 1.84326893295
4001 793 6.9097221653
4002 290 6.66189594635
4003 260 0.0
4004 144 1.02857142857
4006 210 7.26059378918
4012 568 3.34475630936
4013 353 9.09138717275
4014 580 3.89734809682
4030 700 13.1168790713
4031 599 3.5970487749
4033 772 2.84517252904
4034 312 2.6525562922
4035 188 12.7319299722
4038 211 4.25648586455
4039 205 15.5450628687
4040 545 4.74641979103
4044 497 1.91087115511
4045 140 7.09929573972
4046 394 3.96988664826
4047 665 13.0765204808
4049 135 2.32379000772
4050 299 5.19341349395
4055 892 7.15768867311
4059 850 5.3478158807
4065 516 9.72229108801
4066 93 5.23512469882
4086 305 16.5022185551
4087 555 4.53398966357
4093 353 2.64539182731
4094 735 6.76997488917
4095 231 0.868496237347
4097 381 5.71968953175
4098 353 11.4189884234
4099 298 7.33910360984
4102 609 1.41016716334
4104 116 8.44886199684
4105 335 5.22943006221
4106 285 10.8989824112
4107 160 3.79039635427
4108 1679 0.0
4113 412 7.41854976575
4114 425 5.27286308008
4115 143 0.0
4116 464 6.51881892996
4155 809 1.8268484597
4156 169 19.4925714286
4157 395 3.21627924465
4158 302 9.15778705432
4161 772 12.1269128219
4165 318 6.23629905947
4166 4048 0.0
4170 2212 0.0
4171 931 5.14001363422
4172 336 0.837956698506
4174 378 3.89288835552
4175 1 0.0
4176 1060 0.0
4183 324 7.3008
4184 103 2.60971497388
4185 161 8.6311329738
4186 269 12.4161917427
4188 139 0.0
4191 128 2.76959584055
4195 537 0.331046577893
4197 599 4.35505827567
4198 913 8.24289475367
4199 1154 0.0
4205 1024 0.0
4212 548 1.00325999235
4216 596 4.18510478254
4217 463 2.93620767324
4218 176 0.947607082959
4219 794 12.1310339568
4221 89 6.570363545
4229 688 1.83458394371
4230 191 1.48469239582
4231 207 0.0
4233 193 3.96926971127
4236 112 0.0
4238 399 7.28230858215
4239 927 12.9546251303
4244 174 3.30149531984
4245 222 7.34936590418
4247 158 8.0073249796
4260 805 4.34829164484
4262 350 1.78316700604
4264 166 6.47591613716
4265 213 8.03282354344
4269 145 3.43495086499
4271 213 9.70076863136
4272 185 11.4174629585
4273 1959 0.0
4274 702 2.2437719321
4277 538 2.59782062506
4278 351 2.00839135628
4280 229 7.02851194772
4281 199 7.19040485364
4282 1095 0.0
4283 188 0.0
4286 1905 0.0
4291 1253 0.0
4292 444 2.59116878584
4293 916 9.18341497106
4296 281 1.43683325265
4299 576 5.57348571429
4302 358 5.2070283579
4307 205 6.57147078744
4318 120 0.0
4319 237 19.0297375437
4321 241 9.48127880878
4323 151 12.7825426893
4331 121 3.77142857143
4332 368 0.548095031236
4333 323 7.01840114079
4335 173 6.80195230078
4336 486 4.01604341142
4339 252 7.57077958016
4340 144 2.05714285714
4341 152 2.74756738418
4345 114 0.0
4346 212 3.68747966049
4357 132 10.9836037802
4361 712 15.7965302519
4364 172 2.27824149873
4365 168 10.7395131574
4367 339 5.13009606116
4382 154 3.72715683905
4386 296 6.27035777751
4387 184 1.45723204209
4388 127 3.94880745542
4391 401 3.96837976458
4392 869 7.74197669301
4397 192 4.56865515871
4400 264 13.8823568258
4401 155 22.9988773831
4403 377 7.81541373357
4404 812 7.25905404935
4410 85 2.09784148737
4412 85 2.17897347859
4417 2787 0.0
4418 234 3.87408934016
4419 338 5.21917535499
4420 129 4.68850673029
4421 530 6.01985321673
4423 200 4.16990970391
4427 175 6.07766872599
4431 186 14.0434305246
4432 203 3.28269469796
4433 227 11.7846008254
4436 179 1.91129830861
4440 118 9.59400772983
4445 95 5.48048322017
4450 416 5.78549322639
4451 180 1.44130553064
4453 467 21.6645169588
4454 171 5.260568325
4455 288 3.39799153547
4456 265 6.45757557589
4457 124 8.27719758076
4463 158 0.0
4477 139 2.35796522451
4479 148 7.78315534734
4480 429 13.6062157301
4483 522 5.63219060206
4484 575 4.77116724691
4486 667 7.05723273696
4487 184 8.80540212666
4491 422 7.33900436733
4492 1354 0.0
4493 2082 0.0
4496 429 5.1129829466
4497 382 7.12101566523
4502 651 2.89263817499
4503 162 5.23663079096
4504 193 10.1613304609
4509 166 1.83764059554
4510 257 1.03332660819
4511 978 11.4655722134
4512 674 5.60471912413
4515 700 6.80336051417
4516 474 2.86140253893
4517 430 6.39393357386
4518 1436 0.0
4519 442 5.56950391137
4521 864 6.66149233363
4524 108 4.68188179436
4525 1045 0.0
4526 422 0.0
4527 997 18.5121513055
4533 534 2.7228344751
4542 195 9.95849804264
4548 163 10.3216898398
4549 242 3.05082230895
4554 349 10.6068456145
4555 324 5.01737142857
4559 284 6.76595752072
4565 330 7.49888439703
4568 376 8.45213758911
4569 157 1.78713087766
4570 470 5.05937200911
4575 629 4.29654042738
4576 1589 0.0
4577 79 11.4337732984
4580 148 0.0
4583 305 9.83187331912
4585 331 7.79717374228
4594 209 11.0169323133
4597 269 0.702909405722
4598 498 5.18239273648
4599 283 13.7906899832
4600 146 4.59017655043
4603 1512 0.0
4606 232 2.98712380564
4611 411 3.15102440097
4612 718 10.1516749116
4613 401 11.310111186
4617 179 3.94491970897
4619 217 3.47481355389
4620 646 7.05562874307
4621 606 4.86714586775
4627 1688 0.0
4628 879 6.3294104014
4629 120 5.96923692385
4631 1002 0.0
4634 156 3.21171325632
4635 1365 0.0
4636 844 8.1610314002
4637 432 10.822249343
4638 508 12.8896493848
4639 556 6.62655598522
4641 297 1.47717325197
4642 557 5.92044115841
4643 903 20.502657333
4644 1006 0.0
4645 1076 0.0
4646 257 4.07834225145
4649 1450 0.0
4651 1593 0.0
4653 1129 0.0
4659 2053 0.0
4660 643 5.13234680044
4663 1003 0.0
4664 519 8.49557346329
4667 1596 0.0
4668 1479 0.0
4672 1090 0.0
4673 876 11.4397781762
4675 805 7.32173194187
4681 1183 0.0
4684 984 15.9711873634
4685 1254 0.0
4686 510 3.11776924962
4687 855 9.35023905489
4688 985 16.7504678948
4689 201 2.702626445
4692 118 2.48292125513
4694 243 19.1052132278
4698 372 4.95959181994
4699 738 8.20262658341
4703 1282 0.0
4704 762 7.47998947244
4706 1184 0.0
4709 636 10.7995136544
4710 599 4.53127450648
4711 1085 0.0
4712 452 11.2400124639
4713 438 8.47183637236
4714 259 2.41678042268
4715 623 2.6015418022
4716 488 1.57538406279
4717 683 4.99388540011
4718 662 8.12165647365
4719 514 7.06575613736
4722 200 9.72978930913
4723 205 15.8330556124
4724 90 0.0
4725 409 6.85527289169
4727 101 5.60266208912
4728 273 8.80330076278
4729 203 11.5350244248
4738 439 5.98637909707
4739 259 3.45411996483
4741 414 1.74867845051
4761 381 5.05492062361
4763 353 6.91409227592
4765 1202 0.0
4770 123 7.13850304047
4773 153 9.01617177606
4775 188 3.43174481712
4779 171 4.35640814414
4780 267 4.54909348332
4781 245 8.70098771405
4786 326 4.6366447179
4792 785 5.12006222539
4793 253 1.8160077425
4794 178 0.0
4795 106 0.0
4800 116 0.0
4814 699 0.0
4815 378 3.02632074214
4816 361 6.21028571429
4817 305 0.0
4819 211 9.54223118152
4820 290 4.11040731484
4822 206 6.69902024978
4823 323 5.1328605358
4827 296 6.34704136275
4833 214 4.70794612214
4834 637 3.71227559322
4835 258 0.0
4837 458 9.27455358261
4838 646 7.24443725204
4839 549 9.25983201575
4842 493 9.36357671066
4843 407 7.17972416911
4845 192 4.84578328792
4849 584 6.65879402111
4850 162 0.0
4853 316 0.0
4854 157 4.43345929265
4855 307 3.00367122307
4864 496 6.6838624991
4868 940 11.4613669677
4878 341 7.71569982891
4879 135 2.32379000772
4882 129 1.70821563042
4883 401 11.0171742714
4884 224 7.27292672391
4885 418 7.91632270186
4888 225 1.28914285714
4889 193 18.242763593
4890 685 1.99210149729
4896 1640 0.0
4897 1162 0.0
4904 113 6.08408802631
4905 128 1.70158175825
4910 320 3.1954050275
4911 196 3.504
4912 219 0.0
4913 311 8.31373341317
4914 436 6.26179754957
4915 202 7.3093733504
4916 311 8.69465356229
4917 182 1.92724822332
4922 834 5.83521997948
4923 344 8.74581712284
4924 421 6.54709147475
4925 623 1.89981013187
4926 213 0.833972543962
4927 163 8.37816554428
4928 60 0.0
4933 200 5.18006224846
4934 131 6.2996159375
4935 76 6.4760784304
4936 234 14.4264373804
4939 231 4.60650404289
4941 163 6.33834049536
4942 347 13.280121695
4943 440 5.47058695206
4944 116 2.46178962612
4946 259 2.06916132078
4947 231 2.17471457832
4949 128 3.96432345804
4953 358 7.34346690342
4956 314 12.8556396104
4960 271 1.4110352257
4963 278 0.714571371451
4964 286 8.43064155421
4965 572 4.18744124764
4972 392 8.27710913786
4975 621 1.06799449666
4979 595 3.72440488822
4981 182 0.963624111659
4984 565 7.95131380031
4985 194 5.41217373056
4987 159 1.08081601825
4988 353 5.44967894295
4989 166 2.20870263887
4990 289 4.37142857143
4993 88 0.0
4994 111 0.0
4996 253 7.49853046828
4998 431 12.4563236952
5005 96 0.0
5006 164 3.29303532211
5007 202 3.24861037795
5008 244 8.04054046635
5009 215 11.7303026389
5010 119 3.66034043069
5012 142 11.4778526772
5013 281 0.0
5016 248 1.35342946772
5024 165 8.2620535946
5025 416 8.99292218672
5026 326 9.48995507682
5027 776 11.5597663622
5028 279 5.72111650128
5029 695 1.00329484953
5032 362 5.16645520856
5033 530 4.35702662889
5034 869 13.9510554768
5039 156 14.8680912346
5042 336 5.19533153074
5050 123 7.60493931868
5054 481 6.65721458306
5056 572 3.57517829759
5064 837 9.54886745066
5065 318 7.35516447897
5066 725 15.5092746445
5067 728 3.00342363122
5084 195 1.59591314786
5094 881 15.9025768936
5097 262 5.1556041114
5098 181 8.17211563545
5099 2220 0.0
5100 435 0.0
5102 1106 0.0
5103 230 2.16306938381
5104 486 11.8616890721
5107 697 1.1314610385
5108 488 17.5917887012
5109 463 8.38073345931
5115 185 0.0
5116 223 0.0
5123 274 0.0
5124 595 6.8355095703
5125 653 8.36414496444
5133 858 6.05248911468
5134 739 14.4839306046
5135 636 13.6153996539
5140 285 12.629622741
5145 446 1.20678354754
5146 266 9.17619430358
5152 245 23.2694178011
5154 696 2.45124721007
5159 713 10.2535909807
5160 716 0.764519323443
5161 1043 0.0
5162 769 10.9624008626
5168 642 3.09554531703
5172 814 8.970047438
5175 581 0.688684045325
5177 312 7.95161281199
