0 479 -18.7494823357
1 512 -6.35377869303
2 598 -8.55472136156
4 255 -7.79091008176
5 779 -18.2710575317
6 1044 -0.0
7 749 -8.97978726824
8 483 -31.0896612982
9 647 -12.8024001586
11 311 -12.6489674912
12 18 -0.773372788109
13 9 0.0
14 376 -16.5629985163
15 85 -10.2574017476
16 9 0.0
17 9 0.0
18 9 0.0
19 25 0.0
21 37 -0.300314675782
22 9 0.0
24 9 0.0
25 487 -16.529619808
29 1443 -0.0
31 448 -16.9957016791
33 299 -6.96012265057
36 26 -0.75290665275
38 1082 -0.0
56 567 -10.1342858219
57 42 -1.15838610884
135 18 -0.133340135881
138 126 -9.10569741645
141 45 -0.371059508952
147 9 0.0
172 472 -19.9130284662
173 560 -8.73280988326
186 287 -3.38627874644
187 533 -9.19250125487
188 246 -16.7491329656
189 901 -10.7168059671
190 347 -7.48523691564
201 505 -5.9249573783
202 383 -7.80578816112
204 489 -16.7909782983
207 737 -12.6089635766
209 803 -17.183711208
210 691 -9.16285491559
211 493 -14.6467655214
216 979 -19.202491369
220 211 -0.424984548098
232 250 -6.02097666496
235 144 -4.68205714286
239 570 -8.72585183164
241 725 -13.0567167295
242 2348 -0.0
244 723 -18.7052879175
252 209 -10.97067045
254 757 -12.4770395065
258 711 -19.2015473223
259 602 -17.5731609749
260 552 -9.28509763438
263 721 -14.0548125362
283 779 -13.0493883314
290 631 -15.7464717551
291 783 -13.8375665701
295 400 -14.5371428571
299 253 -8.34927283413
305 305 -4.93389988731
306 188 -6.10349135281
307 214 -7.96472135152
310 265 -4.95620320777
312 447 -8.71790711301
313 240 -6.11887106034
314 210 -11.6990954669
316 593 -12.2843341832
318 542 -8.70306314136
319 259 -2.03605473965
320 195 -4.97126945558
321 388 -11.1387767779
324 183 -9.8559316026
325 304 -13.5220517627
329 599 -11.0372896312
332 455 -10.6775534919
334 568 -5.48017076093
335 453 -18.6227139636
336 442 -8.43354561213
340 200 -7.08723025258
341 87 -10.5180856134
348 244 -9.24019481657
349 963 -23.5490379681
350 323 -13.9012405387
354 374 -7.10352021178
355 290 -7.15818092044
356 227 -2.22467917393
357 162 -2.97615183286
358 766 -27.6071178622
359 153 -3.05345422331
373 494 -12.5075850784
388 779 -15.5374164171
389 181 -9.36372233676
392 1135 -0.0
393 274 -18.2914775611
394 159 -5.74994121709
395 159 -5.68076899192
396 230 -2.76623296199
398 478 -20.4589682927
399 362 -14.6382897576
401 142 -6.98776246877
402 252 -8.34908402298
403 446 -9.30188758444
404 458 -17.9914599561
406 703 -9.51782128594
407 1254 -0.0
408 793 -6.86788407115
409 193 -7.24788649278
410 485 -12.1515052176
411 1 0.0
412 217 -5.42097850946
416 1025 -0.0
417 424 -18.4309429175
419 457 -8.7660204886
421 438 -23.6168583683
422 375 -24.9243076829
423 419 -19.3091618576
424 343 -5.3423010473
425 91 -4.36086492076
427 328 -9.13403762619
428 425 -16.6714830896
430 316 -8.18526521311
435 292 -6.77856845714
438 304 -10.4912470573
439 299 -12.6100348192
440 378 -1.64870043367
449 355 -7.08438282421
456 82 -4.3341660524
458 343 -5.85875170322
464 523 -11.4136876493
465 263 -8.17906667756
469 337 -8.78645259839
473 258 -9.10874533048
474 339 -4.82708792629
475 413 -14.4834851812
476 310 -16.2928452719
480 574 -5.78011030641
481 685 -19.1822025557
484 390 -11.3118936346
485 431 -17.3819099793
486 788 -15.8803567533
487 635 -8.32293786435
495 349 -4.09072387227
552 290 -12.7866363913
553 600 -10.4446242632
555 919 -20.2850742676
585 290 -7.53769295946
586 377 -4.82416509279
587 332 -5.95978534937
589 198 -11.5062599182
590 391 -15.1771774939
591 720 -12.7662870725
592 220 -20.0161078253
599 391 -7.91852738814
605 458 -9.89090049791
606 781 -16.1066948966
615 272 -5.19087217963
618 254 -2.91790613437
619 443 -24.6653409548
620 203 -7.81593975704
627 507 -9.8893172909
628 399 -11.9667277704
629 547 -13.7227602064
630 961 -21.4272
631 975 -31.5711413096
635 849 -18.1951852987
639 784 -17.6448
643 566 -7.45534272657
645 877 -19.4302903566
646 604 -11.7180329817
648 183 -14.4862869202
662 819 -28.9059931273
666 735 -11.7955580792
667 403 -15.1284144206
668 494 -15.9519972161
671 871 -20.1158625408
673 802 -12.9752336581
680 1350 -0.0
684 1084 -0.0
686 702 -16.6935420535
688 697 -21.3619844068
691 752 -14.767471761
693 230 -16.41714199
694 297 -19.1796175035
697 614 -10.3363926127
698 970 -28.9664650986
699 227 -9.44283327388
700 367 -13.6968821535
701 332 -17.4483023908
702 642 -18.9062819223
703 508 -7.86928034985
754 834 -18.6146157717
757 476 -9.77420605471
759 336 -7.32374154494
763 1063 -0.0
764 339 -14.4265539768
765 834 -21.0635599033
766 526 -7.54354714073
767 511 -7.16652885413
768 697 -12.6874497783
769 558 -6.91382885669
770 536 -8.71561297321
781 534 -15.59753677
782 511 -5.68620404036
785 454 -19.2179451703
787 235 -18.5217932715
789 840 -9.34403972594
790 379 -3.27506076292
795 469 -13.6472494585
797 436 -16.0506289323
798 411 -11.8348769413
799 275 -10.7401786783
802 141 -6.45014262168
807 410 -18.3231177598
810 764 -16.0978562747
813 511 -8.70368987368
817 147 -9.61080352104
818 137 -7.03218370636
819 349 -5.85426140802
821 427 -18.3354431628
822 220 -10.2046891182
823 525 -12.9857102122
829 702 -13.6110051751
830 807 -17.0771132484
831 278 -18.2358613994
833 735 -9.51514548496
840 742 -18.7097666779
843 387 -11.4616531189
850 309 -10.9689189987
853 351 -10.4016686661
855 777 -22.5514446818
857 322 -20.8687761755
858 654 -7.73924868241
859 649 -7.6164401725
861 10 0.0
863 662 -10.3740782183
864 412 -8.81039775182
865 352 -8.98844473837
866 563 -11.1994371287
872 394 -2.79933721368
873 1087 -0.0
875 854 -25.28899017
876 432 -18.5755026037
877 356 -9.5137656582
880 1024 -0.0
884 414 -13.6499235432
885 395 -7.31385534448
888 350 -9.62995706859
899 96 -3.77361391231
903 529 -8.19325714286
906 491 -19.3019700529
908 69 -6.64529909033
910 178 -7.73054134916
918 418 -11.4258612787
919 537 -7.53197174022
922 1 0.0
923 170 -7.67403254555
925 1371 -0.0
928 363 -4.65535667342
929 155 -16.6558313936
930 400 -13.056
932 360 -10.3476953104
936 226 -5.82089235771
939 1780 -0.0
940 468 -19.7938584078
943 407 -7.63162716755
944 420 -7.08269236943
945 765 -14.4646750068
946 618 -13.7565955694
947 882 -16.047364135
950 113 -3.05176300361
953 227 -1.67367504417
954 310 -10.6244563462
957 350 -6.93168757024
958 152 -6.07001040567
962 472 -12.7324201963
963 418 -12.6268618302
964 501 -7.84045540118
966 575 -9.33953933226
967 531 -7.70835894995
969 196 -12.08
970 159 -10.1769636278
975 444 -20.5415146313
976 192 -9.82617166717
977 489 -15.8761176505
979 298 -6.94255526963
980 165 -11.1423217454
981 359 -6.25802096904
982 70 -7.4697007169
985 502 -9.26941606157
988 260 -10.0395840486
989 313 -14.1696201759
990 247 -1.90390944734
993 832 -27.047815511
995 549 -11.9965435022
1002 848 -14.4270977692
1003 728 -20.0711338969
1009 480 -27.0869148667
1010 271 -5.29984830773
1014 505 -4.50214576687
1018 685 -19.1492999785
1025 1060 -0.0
1026 506 -8.31908800025
1042 265 -11.6761003498
1044 241 -8.65805400203
1046 184 -11.2082847493
1079 268 -6.83640663507
1089 535 -7.57873167139
1090 489 -8.17309208562
1091 262 -6.98143161694
1094 239 -3.88699138677
1095 410 -15.7266870795
1107 345 -9.76046394347
1108 202 -10.6034642736
1109 232 -5.08994755692
1110 336 -13.465964145
1111 323 -16.557018319
1112 356 -2.77736404528
1124 1 0.0
1125 364 -9.2624770917
1135 197 -5.62228792125
1136 283 -4.9371939045
1137 228 -3.74126652701
1138 293 -10.6166030292
1139 682 -18.6984328755
1150 195 -7.18160916537
1194 298 -21.3189122602
1213 278 -14.8059188165
1252 133 -1.06099575871
1261 218 -5.8316832567
1286 71 0.0
1288 258 -7.01053978579
1293 175 -10.0084992453
1310 41 -0.158065695461
1327 582 -9.13153456616
1415 53 -1.49762260579
1416 100 -0.982857142857
1417 129 -3.44369002089
1421 107 -5.47940717783
1422 79 -3.86407903582
1427 455 -7.87408625084
1441 331 -11.2154547109
1461 460 -25.9283228361
1462 98 -9.61665222414
1464 946 -36.5183596504
1465 713 -15.8198260845
1466 588 -6.28249468921
1467 259 -9.32502035233
1469 739 -21.1200686938
1478 314 -8.87622375747
1480 189 -11.1003076405
1492 1098 -0.0
1493 1151 -0.0
1495 768 -18.4329795658
1504 121 -5.47108571429
1505 358 -9.90805811292
1507 120 -2.37367307207
1511 125 -4.15014216624
1523 375 -4.26692108085
1525 197 -11.5012280728
1544 137 -10.8245064774
1567 289 -8.58548571429
1571 222 -19.8889234849
1572 566 -8.3525940394
1579 463 -21.9748339766
1581 132 -8.35489191312
1592 129 -6.09687600005
1603 233 -13.2930573624
1607 295 -18.1962832715
1623 384 -14.8794604352
1624 446 -23.2571325282
1630 438 -11.9878158945
1638 797 -14.4769534254
1639 572 -13.8688491453
1640 595 -7.85303036686
1659 901 -13.8076645382
1660 161 -10.353879273
1678 135 -14.0263964866
1683 736 -9.06584359802
1706 1109 -0.0
1729 584 -10.5585108016
1744 137 -13.2965390986
1780 105 -8.22098221452
1783 260 -7.3748926877
1788 473 -9.90740260564
1789 462 -13.0684646382
1790 432 -11.0407846678
1791 85 -3.02506424422
1798 332 -5.71614632566
1799 135 -18.7483377823
1800 676 -20.2562285714
1804 268 -13.6222979502
1805 637 -15.6279014484
1807 338 -8.35404235565
1808 322 -15.4424021817
1809 298 -18.1465255385
1810 1619 -0.0
1812 269 -15.0028983557
1813 477 -18.3109323935
1814 769 -14.2869335324
1815 275 -24.5847181603
1816 416 -3.43120307383
1828 763 -21.5518283183
1835 470 -11.5855159229
1849 904 -14.5556670763
1852 958 -16.4945365261
1853 212 -2.23644975799
1864 524 -11.8248604807
1865 156 -10.1061910466
1929 722 -6.45188470816
1930 111 -3.51108186781
1932 288 -10.793277908
1933 478 -18.0952428402
1934 480 -29.5707584189
1938 1040 -0.0
1939 116 -1.69371126277
1940 153 -13.2316349677
1941 129 -7.73240160364
1942 421 -7.60700742983
1945 748 -13.196567238
1946 792 -28.1971714055
1950 356 -15.2625642178
1954 194 -7.21888466709
1955 1058 -0.0
1956 755 -10.1273341981
1957 140 -19.366878778
1958 663 -24.4451621088
1959 347 -8.83070612232
1960 251 -9.19073874653
1964 82 -11.8972237198
1970 390 -21.9918379041
1971 119 -19.7379120227
1972 195 -12.4800408163
1975 672 -13.3258841881
1985 102 -8.4247184623
1986 423 -18.6395454793
1987 267 -13.7537247556
1988 323 -22.4786017222
1993 203 -16.1529421646
2003 505 -10.5041507054
2004 421 -13.0097648646
2006 653 -9.80100226978
2011 481 -14.7080328213
2013 476 -14.9605194715
2017 857 -23.0348984786
2024 887 -17.552981225
2025 710 -16.3498783359
2026 262 -9.45656556063
2027 166 -9.09102006158
2028 91 -11.5126833908
2040 1084 -0.0
2041 373 -8.89952620761
2042 4421 -0.0
2047 139 -13.1480140919
2053 317 -15.682198152
2058 90 0.0
2059 507 -9.86873062987
2060 261 -14.3516180729
2061 1219 -0.0
2062 379 -15.0047620823
2063 314 -6.69513934342
2064 323 -14.4065161257
2065 338 -13.1361853138
2066 1137 -0.0
2067 221 -4.02997886499
2068 360 -11.6053783112
2069 582 -6.29998686102
2075 247 -10.223634504
2076 547 -11.2155632696
2077 1277 -0.0
2079 591 -14.3251307994
2080 715 -19.4602324075
2081 408 -15.2866106747
2082 569 -10.1630481662
2083 141 -17.7165183939
2085 200 -12.8572215871
2086 158 -9.3777928717
2097 168 -9.12488290336
2099 408 -8.72597226674
2100 199 -8.93964011511
2112 84 -9.95492557825
2113 1411 -0.0
2114 469 -9.84067171691
2115 153 -13.2485986023
2116 854 -12.9417375738
2117 1840 -0.0
2121 162 -8.9197277806
2122 144 -6.30308571429
2124 461 -12.1660313742
2125 238 -7.69423005486
2126 863 -22.5446429638
2127 699 -11.5785995846
2128 412 -15.6814873097
2136 602 -7.48408594896
2137 349 -7.77579141066
2138 203 -10.3821733106
2139 102 -2.81516486225
2140 687 -14.5941093212
2141 334 -7.36457159174
2142 238 -5.59259801421
2143 109 -4.48873520989
2149 104 -2.93703523983
2150 138 -3.91891266552
2153 268 -9.9290667795
2154 411 -7.64586803177
2155 204 -3.51276662359
2156 326 -9.12471871052
2157 551 -9.07011758248
2158 225 -5.81485714286
2159 282 -3.9727098447
2160 271 -6.8689194787
2161 151 -3.50529845665
2168 235 -9.00510947933
2169 217 -7.66344539598
2170 162 -5.20171991902
2171 130 -3.76713960453
2172 226 -16.8166748516
2173 264 -5.28665996297
2174 233 -11.1857065365
2175 164 -11.7758943119
2176 274 -13.3539704316
2181 325 -10.2294640472
2182 96 -1.5116850984
2184 266 -4.65240320572
2185 70 -4.28369933585
2190 483 -16.9086766731
2191 536 -6.35281929225
2192 538 -9.41842518454
2193 891 -15.5047470914
2194 109 -4.35987199812
2201 182 -6.1903212933
2202 721 -12.1030962102
2203 248 -14.4917740346
2204 630 -12.1569092313
2208 523 -12.2474330948
2209 277 -22.2031358941
2210 321 -10.2707460459
2212 388 -11.1567861179
2213 353 -8.03924269598
2214 267 -17.8714386845
2215 193 -14.1782314087
2216 168 -1.79979427396
2217 477 -6.94896889089
2218 369 -16.69788444
2219 334 -9.63284293281
2221 326 -13.4518410841
2222 536 -10.8217538131
2223 202 -8.79073968275
2224 84 -9.87427224602
2228 335 -8.65575263896
2229 480 -8.31286350134
2230 872 -27.153775164
2231 154 -4.03349849705
2232 244 -10.6469323582
2233 203 -9.83505752761
2234 273 -12.7290970489
2239 369 -5.01419511713
2240 161 -4.28946427025
2241 87 -1.24293988296
2242 384 -10.0465471873
2243 412 -11.9003002809
2244 236 -11.3558058736
2245 68 -0.184715132028
2249 100 -1.02857142857
2250 133 -7.61149131248
2252 445 -18.3755732734
2253 248 -6.2920072063
2254 162 -4.5733242241
2256 198 -14.2803058105
2258 166 -6.69678640105
2259 97 -0.742885274193
2262 149 -3.1388285869
2265 1190 -0.0
2266 1326 -0.0
2267 315 -9.4380065934
2268 541 -7.96136263591
2269 930 -14.843662161
2270 107 -1.84065522673
2271 119 -1.12702580019
2272 123 -10.7888739134
2274 228 -4.65932639434
2275 903 -31.2966023912
2278 756 -14.9669540812
2279 272 -6.52534476612
2280 382 -11.0746535973
2282 623 -3.90516527106
2283 184 -14.1460025362
2284 274 -3.91027863468
2285 100 -1.05142857143
2286 403 -13.5637224832
2288 177 -8.54505565595
2289 363 -9.96829880772
2290 91 -1.55900920917
2292 116 -7.54292341443
2293 187 -14.6671936912
2294 591 -5.13993250174
2295 226 -9.44950058069
2296 112 -10.8853768227
2297 112 -10.8853768227
2298 109 -4.11288417557
2299 1035 -0.0
2300 695 -14.799352255
2301 118 -3.49595312723
2302 137 -1.13301495136
2304 137 -6.91045482729
2306 726 -19.458466575
2307 52 -1.09608758774
2310 367 -6.2835760519
2311 208 -8.20170200992
2312 96 -4.44547395605
2313 245 -9.03729233786
2322 185 -8.681624319
2323 539 -12.9534097812
2324 340 -8.46722962958
2325 392 -8.9197277806
2326 149 -7.08119729205
2327 411 -9.56428582883
2328 658 -15.7075193378
2329 306 -5.5837195345
2330 144 -4.97828571429
2331 246 -6.5103650397
2332 84 -1.62458854923
2333 113 -1.73969929187
2334 132 -6.25927545967
2337 117 -3.81735165896
2338 792 -16.6249776429
2339 55 -6.02619099923
2344 179 -10.5503666635
2345 1477 -0.0
2346 67 -1.79422932759
2347 97 -6.29201315566
2348 106 -1.81085426137
2352 204 -5.80455302672
2353 631 -4.67370209979
2354 225 -15.3051428571
2355 318 -11.2620224192
2357 357 -11.2546103071
2358 723 -11.9109078311
2359 124 -2.5961689829
2360 198 -20.2786775079
2362 932 -20.7839219706
2363 86 -3.5557702917
2364 1982 -0.0
2366 282 -6.88603039749
2368 39 -2.97975618781
2374 479 -21.8210357386
2377 148 -5.7810575088
2382 86 -3.61406160796
2383 202 -10.1096754962
2384 126 -1.21229699331
2386 200 -15.4270496604
2387 465 -19.0747732541
2388 59 -3.56756300792
2390 1148 -0.0
2391 636 -18.5871533379
2394 643 -11.8556921291
2395 369 -9.29075032211
2398 564 -5.96295532919
2399 632 -11.0183320046
2400 480 -9.87027347056
2401 268 -7.19001387481
2402 149 -1.90840778084
2407 589 -14.3341550999
2408 194 -15.1142910505
2410 309 -10.0347528202
2415 243 -11.4445999418
2416 231 -12.3395945402
2417 112 -1.57717015297
2418 151 -7.49089021145
2423 266 -8.53872559511
2427 174 -0.0829142660234
2428 174 -0.0829142660234
2429 174 -7.88439293277
2431 130 -5.07150029084
2434 165 -8.4117923058
2435 205 -1.67559414501
2436 178 -4.52091816573
2437 220 -10.6861063457
2439 648 -13.6326954925
2440 464 -5.4947144455
2447 108 -6.57387512221
2448 115 -0.745151270768
2453 256 -7.82262857143
2454 115 -1.40206094368
2458 675 -8.26336696708
2459 700 -17.6615238948
2461 667 -12.9544937192
2462 344 -8.52113059472
2463 294 -3.79181012183
2465 328 -23.0182715706
2466 288 -11.2063898927
2467 594 -10.7515845401
2468 566 -8.60001788627
2469 599 -11.2918241868
2470 184 -14.254519816
2471 379 -13.7899637287
2472 155 -1.76717432008
2473 1352 -0.0
2477 186 -9.81169757515
2478 301 -11.5754873694
2479 48 -2.73960950591
2480 342 -3.46616193081
2481 152 -1.05675668622
2483 158 -6.05936432795
2487 289 -6.21908571429
2488 147 -9.68562811593
2491 403 -17.0464238921
2495 426 -8.46348406591
2496 601 -15.754233081
2497 791 -16.0809126024
2498 241 -7.01160438853
2500 220 -2.70542920809
2502 2506 -0.0
2503 197 -6.35214270132
2505 593 -7.31939259217
2510 127 -5.914195641
2511 187 -7.39220310703
2512 131 -6.22636458939
2514 690 -8.44173682487
2515 245 -4.01418923321
2517 98 -2.08172236381
2519 296 -2.87268507775
2522 320 -6.33561111979
2523 580 -12.4186685119
2524 275 -8.0963549168
2525 297 -14.7421890546
2530 232 -12.4637566715
2531 257 -4.38064524853
2538 544 -10.5450266039
2539 302 -3.58684958146
2540 277 -19.0703881157
2541 125 -14.045062405
2542 304 -3.79000036142
2543 258 -10.6672549608
2548 974 -24.6140712168
2549 299 -9.90661409634
2550 148 -2.94475223752
2560 3113 -0.0
2562 1 0.0
2563 868 -7.49845909352
2565 257 -4.22674554093
2566 668 -15.6698762403
2568 101 -1.87099970135
2575 474 -19.2286250616
2577 412 -12.1322749452
2579 501 -6.80188284233
2580 840 -17.4128382982
2585 618 -16.9641949906
2586 288 -4.27658181262
2588 173 -4.87786413614
2589 242 -8.41287363985
2590 384 -14.6689442882
2591 117 -8.96978744735
2592 182 -9.5128972303
2593 389 -9.34085207248
2594 254 -5.94509714268
2595 115 -0.598081941011
2605 3757 -0.0
2624 583 -12.7377295759
2625 172 -5.97288971871
2626 190 -4.44240199782
2627 114 -2.04999902439
2628 73 -0.520451885286
2634 1139 -0.0
2635 330 -10.7126919958
2636 111 -1.32207403664
2637 162 -4.42495301836
2639 540 -8.96053426979
2642 250 -9.20132448319
2646 626 -13.5336711047
2666 256 -15.1570285714
2668 2130 -0.0
2670 435 -12.8429313915
2671 295 -8.37971232861
2672 559 -12.1512439103
2677 205 -5.51113386756
2678 215 -7.66156338072
2679 158 -4.44755617812
2680 543 -9.06794710246
2681 51 -5.33444299531
2688 110 -2.95584299381
2691 206 -11.4821600755
2698 185 -5.90692433522
2700 142 -4.76655011513
2701 224 -10.1396777092
2705 85 -1.55309811772
2706 655 -7.61646721256
2707 96 -2.00438246381
2708 846 -18.0300449463
2719 153 -6.76849019501
2720 200 -11.2975460583
2728 497 -30.4822166663
2730 827 -15.8741994444
2732 405 -10.7867919235
2733 535 -16.4157389883
2734 265 -7.0882635967
2735 229 -9.47050477994
2736 172 -5.14852601851
2737 147 -9.01220676194
2738 289 -16.3025142857
2740 615 -6.94944257697
2741 58 -0.266334465188
2742 497 -12.7391410341
2743 158 -5.43877509379
2745 472 -16.7348892596
2746 318 -19.5404037197
2747 1088 -0.0
2755 146 -6.63669930847
2757 272 -7.13038106593
2765 172 -2.68292913337
2766 464 -21.7376023986
2767 167 -8.92784183533
2798 501 -9.62086550207
2799 177 -4.28013019066
2800 90 -1.65775630025
2802 71 -0.310082311653
2804 201 -3.26648376087
2805 252 -11.418760287
2809 181 -2.86754386832
2811 165 -7.34600500842
2812 291 -4.00051403065
2813 629 -13.0673300923
2814 877 -19.8939638941
2815 78 -20.5906196198
2837 335 -11.6679043548
2838 680 -14.5434092514
2839 492 -11.9498946494
2842 266 -10.5014581975
2843 180 -10.6181285103
2844 405 -24.4439284781
2845 210 -4.5246218595
2847 117 -7.86216209553
2851 624 -6.52334648061
2858 212 -10.716321757
2860 350 -12.0246177961
2861 220 -7.28906365589
2862 178 -15.2781113054
2863 222 -7.49921395783
2864 219 -11.0609327724
2871 119 -6.11386562402
2877 275 -14.8565838466
2878 276 -14.4905493307
2889 970 -13.0523503953
2890 762 -17.6036867382
2892 471 -16.3748722517
2893 235 -5.00361725155
2894 484 -21.8340571429
2895 187 -2.73495886624
2896 152 -5.84175096144
2900 179 -15.7796788359
2905 423 -11.0097895366
2906 422 -13.3116298025
2907 196 -4.704
2912 163 -11.1971512342
2913 543 -6.22905382457
2914 343 -7.38693766049
2915 404 -15.3355359192
2918 380 -4.98144734971
2919 96 -4.63583430177
2920 187 -19.777659687
2921 336 -11.781671181
2922 337 -8.34587116437
2923 316 -8.50219283119
2924 304 -10.7124300436
2925 406 -12.5087733947
2926 329 -23.0782091566
2927 349 -5.20094120713
2928 178 -12.0989833542
2929 212 -9.89762139919
2931 707 -17.0476497919
2932 648 -12.3846318206
2933 719 -18.5523448689
2934 595 -8.21264730592
2940 471 -15.5414949302
2944 227 -7.47299350997
2946 284 -12.9772336392
2947 530 -4.37018190253
2954 420 -16.4513330697
2959 667 -11.6853134277
2960 450 -19.3028029433
2961 337 -6.35696069081
2962 292 -14.517971164
2965 407 -15.0603591113
2971 2518 -0.0
2972 585 -14.3876748274
2973 432 -8.59413918416
2976 316 -8.83130997304
2982 1124 -0.0
2984 674 -14.1942701376
2985 399 -3.68909425353
3002 479 -20.7204791447
3003 416 -8.90900689415
3005 168 -5.65120588901
3006 147 -2.40270088026
3007 297 -7.39768364585
3008 183 -10.1187564453
3012 156 -2.50941862427
3014 81 -0.592457142857
3015 486 -18.3216233926
3016 108 -6.08217064153
3017 430 -9.58853048178
3018 200 -9.74595174984
3021 513 -6.34703795495
3022 2335 -0.0
3024 236 -18.0274296089
3040 768 -13.2799799518
3049 639 -8.40111207099
3050 595 -9.99958108837
3054 143 -2.34518576402
3057 339 -10.2012738739
3058 337 -9.82286797174
3062 364 -7.84083512753
3064 170 -1.55715806021
3070 682 -10.5445432321
3071 1458 -0.0
3080 394 -9.69559744837
3081 194 -15.9659125052
3082 328 -20.6711157428
3085 173 -11.4919172021
3102 132 -2.37135546049
3104 349 -7.45553641022
3106 229 -14.6796283002
3112 276 -6.68137357111
3113 415 -13.610522767
3126 921 -28.187205506
3131 125 -0.38843695152
3132 106 -14.0420628689
3147 90 -1.8843560823
3148 203 -11.8281221657
3149 111 -7.71571077123
3153 326 -15.8351631354
3160 121 -14.1001142857
3161 299 -14.6791002409
3162 508 -10.0149793781
3163 293 -13.6272815001
3174 223 -8.85409843493
3184 387 -5.17550519415
3185 887 -32.617843529
3186 188 -12.0346119614
3192 282 -11.0832847117
3195 207 -16.7256679732
3196 236 -9.58606989334
3198 327 -12.2014704404
3200 202 -9.48594230363
3201 214 -6.04543081593
3202 442 -8.25093892651
3204 242 -11.0867878314
3207 345 -5.40455441498
3208 629 -12.2819718021
3219 519 -7.51661679084
3220 236 -10.7237573093
3224 104 -12.5033785924
3225 395 -13.2648805006
3226 380 -18.8163257226
3227 372 -6.3041922689
3229 384 -15.6453808851
3236 593 -8.11812478759
3237 100 -8.01142857143
3238 38 -0.769318867571
3244 1080 -0.0
3248 53 -8.41663904457
3257 386 -14.1233019669
3258 1 0.0
3259 598 -7.28311135845
3262 103 -1.68065644318
3267 71 -4.39507972169
3269 206 -8.03095081854
3270 458 -15.7853293307
3275 974 -19.7918390352
3276 216 -15.1370067853
3277 463 -8.34630556364
3278 419 -10.704958161
3289 276 -5.71875453145
3290 654 -20.2044660655
3291 77 -5.54778319898
3295 217 -13.5221426671
3296 298 -12.7724077339
3297 583 -11.9098875324
3299 174 -7.16077752021
3300 146 -1.90566896498
3301 779 -10.8516301891
3305 236 -5.35134451189
3306 132 -9.21887413516
3311 102 -1.5374332089
3312 897 -26.1950892106
3313 211 -3.10769950797
3314 249 -12.1476899581
3315 481 -17.700771606
3320 84 -0.760445703894
3321 90 -2.09902956003
3323 140 -6.04859997024
3331 289 -7.31485714286
3344 220 -11.5472329358
3345 382 -13.8801729435
3346 136 -1.03557705652
3348 171 -3.09357285022
3350 216 -9.81587523897
3356 138 -20.665920747
3360 103 -3.46570148531
3362 214 -9.14170788205
3364 1078 -0.0
3365 199 -14.1792849076
3368 255 -9.76738129716
3372 1603 -0.0
3373 735 -11.5476871451
3374 168 -5.20681224112
3375 210 -5.88929550965
3376 199 -6.27951275895
3382 258 -9.01512461064
3383 119 -1.40628883032
3384 135 -5.716523419
3385 45 -4.80690727506
3387 1 0.0
3388 145 -5.74693702412
3391 1 0.0
3392 68 -10.6475079676
3394 117 -2.40315143297
3398 505 -9.46144039084
3399 89 -0.272776825875
3400 63 -1.23821161358
3401 1 0.0
3402 147 -7.06676729488
3405 130 -12.9159072155
3406 457 -13.2076663215
3407 947 -19.8039793048
3408 105 -0.938035150118
3412 678 -14.5309335984
3413 1761 -0.0
3415 174 -0.866830962972
3416 681 -7.68862033557
3420 187 -11.0023488105
3421 916 -18.3979601624
3422 730 -18.7246008928
3423 209 -5.4522910369
3424 500 -21.8700225731
3428 288 -9.76340718581
3432 281 -8.76468284116
3433 779 -22.1243112849
3434 132 -5.10117163013
3438 376 -8.8067107444
3439 140 -6.46509198697
3440 272 -10.2573443724
3441 204 -6.87535920938
3442 1370 -0.0
3443 396 -20.3682456839
3445 162 -7.33128310734
3446 1079 -0.0
3467 403 -13.9766910297
3468 97 -4.99759184457
3473 383 -8.0160300199
3474 1117 -0.0
3475 238 -7.94106603279
3480 560 -12.1594032936
3481 1749 -0.0
3482 177 -3.29182304184
3483 301 -5.25834061387
3484 138 -3.72155735143
3485 624 -11.2252946879
3486 352 -11.2655745838
3487 243 -12.6132888524
3490 1082 -0.0
3495 148 -10.143962382
3496 204 -13.554839239
3497 1267 -0.0
3498 330 -14.6676684012
3499 755 -13.7417719227
3501 403 -20.4098232765
3507 391 -10.0925066539
3509 263 -11.7765215656
3513 762 -15.5467685028
3517 462 -9.98804083063
3521 109 -8.92377741487
3522 134 -1.88917658254
3523 292 -8.64164950241
3524 335 -10.170195585
3525 323 -27.5621670788
3529 418 -7.93501531745
3530 592 -12.123814689
3535 738 -13.0242310815
3536 448 -10.7837799723
3537 208 -6.72486820749
3539 610 -15.7108639017
3540 119 -9.10596951832
3541 278 -10.47275802
3542 598 -13.652340363
3543 657 -11.0818169721
3547 771 -17.6692600509
3549 244 -13.688913032
3550 258 -9.66496254836
3555 574 -16.3162848488
3559 453 -19.668660542
3560 173 -6.96730362743
3569 234 -3.54542111094
3570 991 -27.1125061794
3571 997 -25.559759785
3572 970 -30.03784701
3579 443 -15.8903103518
3582 400 -7.46057142857
3585 594 -8.43692994091
3587 186 -20.0208507312
3589 204 -5.43891189118
3590 121 -1.30742857143
3591 496 -21.7518236547
3592 147 -9.80202193019
3593 578 -9.27594797391
3596 452 -13.7815284685
3602 155 -16.7070538377
3603 192 -8.26633619704
3612 522 -12.9015548284
3613 1698 -0.0
3614 195 -11.3629016128
3616 218 -7.74182950861
3618 202 -6.80908735219
3632 627 -11.091990419
3638 85 -0.486791947345
3639 115 -3.40220382837
3641 318 -10.2409812986
3643 346 -7.73379562456
3651 1029 -0.0
3660 2207 -0.0
3662 666 -7.31443428421
3663 383 -13.4420592689
3664 275 -9.93281744357
3665 3587 -0.0
3670 121 -1.13645714286
3674 1581 -0.0
3681 657 -8.34285348571
3683 318 -7.15340186234
3684 1 0.0
3685 388 -5.73597478377
3690 409 -10.0540920697
3691 271 -12.716249454
3697 337 -11.1823763967
3707 171 -10.6033330301
3708 201 -1.95729780909
3709 508 -4.59792648919
3713 886 -18.4241501198
3726 320 -11.7144406958
3727 873 -14.8273147226
3728 759 -15.1697921597
3730 287 -7.15010143544
3744 239 -5.02481977453
3745 525 -2.89618783921
3747 171 -6.80735475011
3752 148 -6.33163441439
3754 191 -11.8933337665
3766 812 -24.5941571022
3781 216 -10.1450866604
3802 357 -6.76744986619
3813 68 -17.7986223647
3814 127 -21.0783375132
3815 425 -11.3891957681
3816 465 -13.8748027675
3822 135 -2.78854800927
3823 118 -13.4673648878
3824 183 -6.60154163813
3831 214 -8.86752351983
3835 113 -1.92436011056
3836 137 -7.48164418293
3837 177 -4.52340579652
3838 280 -10.9062220145
3844 742 -17.1127433325
3853 2620 -0.0
3858 224 -10.078100719
3868 482 -7.6928562394
3869 252 -4.59907170758
3878 304 -14.4665628938
3879 314 -9.68425781616
3885 207 -9.06329943651
3889 75 -4.82499867823
3897 429 -9.52056361631
3898 708 -14.8246072323
3899 153 -16.403834633
3900 265 -15.3095331069
3901 145 -2.81566885808
3902 75 -4.00153223714
3907 518 -6.94753454482
3908 663 -14.1044494989
3916 142 -7.15935827292
3929 498 -20.1888882392
3930 374 -3.58933317484
3944 1613 -0.0
3945 305 -13.7298937398
3949 449 -6.71287164781
3956 96 -10.4474236801
3958 594 -7.79907686845
3965 679 -15.0211060411
3966 193 -14.1702928692
3980 309 -13.1205146484
3981 246 -14.4332211728
3983 85 -0.77654905886
3985 264 -9.37003378052
3990 121 -9.2928
3998 597 -8.87986232657
3999 115 -5.47097906695
4001 793 -20.5006661355
4002 290 -5.28981395915
4003 260 -17.0883008229
4004 144 -17.9218285714
4006 210 -4.81610555176
4012 568 -9.95800412623
4013 353 -6.72084124958
4014 580 -10.2608147634
4030 700 -17.2926305691
4031 599 -10.9701596385
4033 772 -19.4367199222
4034 312 -12.4512688054
4035 188 -8.39132123089
4038 211 -15.7709109646
4039 205 -4.89587664244
4040 545 -8.37493632604
4044 497 -10.0741127297
4045 140 -2.10139153896
4046 394 -11.8915118915
4047 665 -12.7287563572
4049 135 -8.95123910975
4050 299 -4.67762927709
4055 892 -22.8452123458
4059 850 -13.0280125193
4065 516 -6.83545859405
4066 93 -9.23586210024
4086 305 -11.4605393013
4087 555 -7.44177400838
4093 353 -14.2275700063
4094 735 -14.3052512876
4095 231 -16.5639602387
4097 381 -7.00907352135
4098 353 -14.9919851772
4099 298 -11.29866838
4102 609 -13.579909783
4104 116 -9.21694036019
4105 335 -9.29583487858
4106 285 -5.89806854861
4107 160 -4.90930054123
4108 1679 -0.0
4113 412 -8.80111876525
4114 425 -16.0447710345
4115 143 -7.49475450459
4116 464 -18.6357474697
4155 809 -12.5018846548
4156 169 -6.23257142857
4157 395 -14.3642301859
4158 302 -11.1299585019
4161 772 -17.1027893319
4165 318 -22.5668429691
4166 4048 -0.0
4170 2212 -0.0
4171 931 -26.5613866024
4172 336 -9.54851657948
4174 378 -9.27893936796
4175 1 0.0
4176 1060 -0.0
4183 324 -6.01714285714
4184 103 -7.58905114405
4185 161 -8.49192115164
4186 269 -4.14997713139
4188 139 -22.5138519636
4191 128 -11.8929703741
4195 537 -5.97472863781
4197 599 -8.88073861609
4198 913 -18.6095349089
4199 1154 -0.0
4205 1024 -0.0
4212 548 -9.40924104823
4216 596 -13.3337438372
4217 463 -22.1174638301
4218 176 -7.24729897047
4219 794 -12.5239158636
4221 89 -10.5552771752
4229 688 -7.31735197158
4230 191 -4.80155838648
4231 207 -4.41326119151
4233 193 -12.9953890347
4236 112 -2.66086988998
4238 399 -11.9484649276
4239 927 -32.0090240596
4244 174 -6.03012843807
4245 222 -7.70355221281
4247 158 -6.46447118913
4260 805 -16.141533041
4262 350 -5.93961384026
4264 166 -6.26388068383
4265 213 -6.59839076782
4269 145 -2.35327162626
4271 213 -12.9299103216
4272 185 -15.6999831015
4273 1959 -0.0
4274 702 -11.7457372802
4277 538 -11.2236454352
4278 351 -14.5383553403
4280 229 -3.71487294874
4281 199 -2.23289478078
4282 1095 -0.0
4283 188 -11.7682208112
4286 1905 -0.0
4291 1253 -0.0
4292 444 -7.48452842603
4293 916 -12.7495546453
4296 281 -9.62103545974
4299 576 -11.6214857143
4302 358 -7.39536419602
4307 205 -16.297771176
4318 120 -1.62251070749
4319 237 -5.70047611331
4321 241 -7.338055605
4323 151 -7.04430170616
4331 121 -10.3588571429
4332 368 -6.22197479459
4333 323 -15.2322103776
4335 173 -4.99811964643
4336 486 -16.2254200562
4339 252 -11.2010527505
4340 144 -14.3424
4341 152 -7.87917785248
4345 114 -9.02975760743
4346 212 -5.94389771989
4357 132 -12.2428119123
4361 712 -12.7866508391
4364 172 -14.8235581727
4365 168 -4.91054980919
4367 339 -4.51987134511
4382 154 -11.2410369506
4386 296 -20.7930490741
4387 184 -12.3322137179
4388 127 -2.48828962944
4391 401 -9.22751280899
4392 869 -26.8307669204
4397 192 -8.59097200554
4400 264 -6.08327995739
4401 155 -6.09547084318
4403 377 -4.38035965647
4404 812 -24.3694488341
4410 85 -0.753368489939
4412 85 -2.19056376305
4417 2787 -0.0
4418 234 -8.05586808639
4419 338 -12.1276490133
4420 129 -6.29677357382
4421 530 -8.36412297902
4423 200 -4.04869139857
4427 175 -10.1899221923
4431 186 -4.22393970272
4432 203 -10.8055367141
4433 227 -11.2335966956
4436 179 -6.261413259
4440 118 -8.98817494358
4445 95 -7.21819741193
4450 416 -8.83907748368
4451 180 -7.42885669782
4453 467 -21.6990932513
4454 171 -3.23554841581
4455 288 -5.77193082737
4456 265 -5.53107812939
4457 124 -4.06224087912
4463 158 -7.54188305399
4477 139 -12.0161907841
4479 148 -5.54747942763
4480 429 -13.625152704
4483 522 -7.80203315668
4484 575 -11.1838791124
4486 667 -10.0324274667
4487 184 -6.24749481874
4491 422 -14.5418403875
4492 1354 -0.0
4493 2082 -0.0
4496 429 -15.6324719349
4497 382 -15.1176392793
4502 651 -14.7431236016
4503 162 -9.64412837335
4504 193 -3.44532610938
4509 166 -14.6127766587
4510 257 -8.94267229531
4511 978 -27.8919343995
4512 674 -17.1434976703
4515 700 -12.113005431
4516 474 -23.5431224551
4517 430 -14.9302377744
4518 1436 -0.0
4519 442 -14.8055578524
4521 864 -17.8849143642
4524 108 -14.1097807501
4525 1045 -0.0
4526 422 -17.9836127491
4527 997 -28.2084769504
4533 534 -7.15701399371
4542 195 -10.2697011065
4548 163 -5.97940132366
4549 242 -20.7583923539
4554 349 -15.5131522213
4555 324 -15.2989714286
4559 284 -5.21169400828
4565 330 -14.6240702361
4568 376 -3.64323917056
4569 157 -4.2873957113
4570 470 -29.7120416911
4575 629 -11.3217709727
4576 1589 -0.0
4577 79 -9.05681616283
4580 148 -16.7258590262
4583 305 -11.0892992613
4585 331 -9.56245387754
4594 209 -7.99008468316
4597 269 -9.10970589816
4598 498 -21.4079747195
4599 283 -6.88669336679
4600 146 -6.99297654975
4603 1512 -0.0
4606 232 -14.8520631175
4611 411 -11.102727154
4612 718 -11.0305680336
4613 401 -10.1795577813
4617 179 -13.8530901408
4619 217 -8.69376801952
4620 646 -10.0213747071
4621 606 -11.7683648351
4627 1688 -0.0
4628 879 -21.543036045
4629 120 -8.66340593814
4631 1002 -0.0
4634 156 -11.9818315882
4635 1365 -0.0
4636 844 -16.3386637593
4637 432 -13.2023840756
4638 508 -11.3029139689
4639 556 -6.01483243555
4641 297 -17.0465793277
4642 557 -9.29199079304
4643 903 -24.225417894
4644 1006 -0.0
4645 1076 -0.0
4646 257 -7.60704269004
4649 1450 -0.0
4651 1593 -0.0
4653 1129 -0.0
4659 2053 -0.0
4660 643 -12.3222691109
4663 1003 -0.0
4664 519 -7.7118874037
4667 1596 -0.0
4668 1479 -0.0
4672 1090 -0.0
4673 876 -16.7334661851
4675 805 -20.0553197788
4681 1183 -0.0
4684 984 -30.3470484918
4685 1254 -0.0
4686 510 -6.71043050415
4687 855 -19.3086780769
4688 985 -22.5862304782
4689 201 -11.5558344159
4692 118 -5.69085551676
4694 243 -15.8485618123
4698 372 -7.76341439548
4699 738 -11.4967169714
4703 1282 -0.0
4704 762 -7.76076512113
4706 1184 -0.0
4709 636 -12.4711757626
4710 599 -5.65010771795
4711 1085 -0.0
4712 452 -15.3803023988
4713 438 -10.9401975063
4714 259 -9.47951773095
4715 623 -17.4776826996
4716 488 -12.6889107365
4717 683 -17.8250646339
4718 662 -14.9759581536
4719 514 -14.5305318732
4722 200 -18.3686138701
4723 205 -8.960501502
4724 90 -3.11276542709
4725 409 -5.28359872907
4727 101 -6.63636358158
4728 273 -14.1849839833
4729 203 -11.1767938526
4738 439 -8.21331212118
4739 259 -8.91118808818
4741 414 -5.48322312007
4761 381 -15.5796847464
4763 353 -11.2386207988
4765 1202 -0.0
4770 123 -4.78604181122
4773 153 -5.13998127591
4775 188 -4.13689786173
4779 171 -11.036732125
4780 267 -12.9862052886
4781 245 -9.49523905966
4786 326 -11.2418515457
4792 785 -15.1744683465
4793 253 -6.82229935696
4794 178 -8.57678404122
4795 106 -3.62170852274
4800 116 -16.6318507141
4814 699 -11.7750006735
4815 378 -5.63046751878
4816 361 -12.1686857143
4817 305 -15.9872726931
4819 211 -9.90081189398
4820 290 -13.6624334044
4822 206 -3.06409643158
4823 323 -13.3158602856
4827 296 -10.4997524402
4833 214 -18.209854106
4834 637 -16.6143802773
4835 258 -5.05001177028
4837 458 -18.5833486605
4838 646 -10.1259455736
4839 549 -9.38836641042
4842 493 -8.08972426926
4843 407 -10.5136615964
4845 192 -4.2915270295
4849 584 -13.1491158584
4850 162 -1.30042997975
4853 316 -6.33245759972
4854 157 -4.7084025046
4855 307 -10.0082325153
4864 496 -10.7766465427
4868 940 -21.0481294328
4878 341 -14.4437225462
4879 135 -11.4609323181
4882 129 -10.6036576633
4883 401 -18.2536314892
4884 224 -11.4396363898
4885 418 -9.11732325344
4888 225 -1.72114285714
4889 193 -19.782840241
4890 685 -11.0253545331
4896 1640 -0.0
4897 1162 -0.0
4904 113 -11.8280113866
4905 128 -6.27231999184
4910 320 -9.84994332854
4911 196 -8.192
4912 219 -6.521553023
4913 311 -14.5475218852
4914 436 -19.8306164775
4915 202 -11.5195724002
4916 311 -7.35236351303
4917 182 -3.17610507203
4922 834 -26.2353866612
4923 344 -12.3959133627
4924 421 -7.40534200475
4925 623 -21.4712775714
4926 213 -9.63405082784
4927 163 -7.4239126244
4928 60 -1.82716288607
4933 200 -2.99813275223
4934 131 -15.5384422179
4935 76 -1.17864627433
4936 234 -11.7761127235
4939 231 -12.1242074734
4941 163 -12.7992455859
4942 347 -9.94625337596
4943 440 -17.9651965901
4944 116 -5.76058772512
4946 259 -7.50967615357
4947 231 -11.2765551457
4949 128 -8.48980685764
4953 358 -9.96428017991
4956 314 -7.83124738082
4960 271 -18.0499626071
4963 278 -6.14531379448
4964 286 -8.24509786113
4965 572 -8.86141287523
4972 392 -7.7657295137
4975 621 -22.6984430357
4979 595 -3.69931533434
4981 182 -7.9094267085
4984 565 -9.40737946378
4985 194 -3.92382595466
4987 159 -9.13938025032
4988 353 -6.17973837581
4989 166 -7.4389104877
4990 289 -15.1251428571
4993 88 0.0
4994 111 -4.06375216181
4996 253 -6.2333238729
4998 431 -11.3079692822
5005 96 -5.40847335207
5006 164 -4.57512374085
5007 202 -2.92374934016
5008 244 -14.5886537946
5009 215 -4.97364831889
5010 119 -1.74539393834
5012 142 -4.80468251605
5013 281 -8.1899495401
5016 248 -16.6371037228
5024 165 -23.1918839175
5025 416 -12.5639840815
5026 326 -8.01043827097
5027 776 -26.4782640689
5028 279 -8.08630280261
5029 695 -15.2332094872
5032 362 -11.5288491228
5033 530 -8.42989934721
5034 869 -20.4936658936
5039 156 -3.1175030008
5042 336 -9.99682341318
5050 123 -3.17379467566
5054 481 -17.1343068109
5056 572 -6.77862551838
5064 837 -20.7509321746
5065 318 -13.1573682118
5066 725 -23.1592859077
5067 728 -16.5219135689
5084 195 -12.4720612505
5094 881 -15.4514159024
5097 262 -13.1359687101
5098 181 -1.55293260429
5099 2220 -0.0
5100 435 -13.5866200689
5102 1106 -0.0
5103 230 -10.163652938
5104 486 -23.0531977507
5107 697 -15.3305427643
5108 488 -18.1623604932
5109 463 -17.0319718131
5115 185 -14.5807763854
5116 223 -4.14374537394
5123 274 -15.3857262389
5124 595 -10.1473306835
5125 653 -11.0509513078
5133 858 -11.378545631
5134 739 -17.9915148287
5135 636 -11.664166469
5140 285 -8.70529450158
5145 446 -15.9826413036
5146 266 -19.878958409
5152 245 -10.4039770857
5154 696 -14.219042857
5159 713 -23.4764510163
5160 716 -14.5747963821
5161 1043 -0.0
5162 769 -22.1593254789
5168 642 -18.6022292952
5172 814 -17.7020674449
5175 581 -11.7241571876
5177 312 -21.0327123351
