2 355 1.0177618654
4 92 7.87307799423
5 118 0.674485727352
6 248 7.87410459733
8 246 5.66712123157
9 195 8.45155686712
10 241 19.0472243331
19 127 8.88222016616
20 202 2.22093161637
25 1 0.0
33 194 2.54029034642
34 29 0.0
35 447 15.2864098189
36 481 11.3948172844
38 382 7.13536329961
39 203 5.60559772479
40 30 0.0
41 226 0.875209469515
42 411 8.38512304217
43 521 5.94936048242
44 510 6.49154773497
46 588 9.47670441439
47 1 0.0
48 629 9.63248145894
49 609 5.42282952134
50 443 4.88300251868
52 660 7.04090532306
53 2698 0.0
54 137 4.13488593405
55 315 4.12534613995
56 250 1.5931923083
57 330 8.10587636486
61 945 11.0798069286
64 1 0.0
65 2665 0.0
84 1 0.0
88 1 0.0
89 1862 0.0
91 238 4.00367879627
92 1 0.0
93 732 10.4807388939
94 450 9.73490533996
98 549 4.67952505871
99 295 6.6636809327
101 1 0.0
108 1 0.0
114 150 0.860488045761
115 128 2.80555200039
118 710 8.98062134134
129 676 6.66181641021
130 494 21.6969788065
132 411 8.4941402446
133 574 4.04295593304
134 769 3.16790951217
135 326 2.92186307169
136 256 2.68342270372
137 226 1.79959047211
138 190 1.91160407901
139 321 25.1628908471
140 135 5.83354365565
142 224 2.90564901787
143 313 13.4775600604
144 150 4.89688343965
145 343 7.49408730415
146 263 2.09651134652
149 173 7.23719514681
150 88 2.06665321141
151 313 11.2416505623
152 162 1.64190246266
154 928 15.2248168679
156 554 1.50505365306
157 282 8.99708406441
158 266 1.35194456447
159 249 8.61644244077
160 159 4.44259714995
161 314 3.27358441553
162 289 3.03063837628
164 346 2.3078981701
165 219 5.56831910924
168 1810 0.0
169 295 1.5263204662
171 176 8.91708653526
174 228 4.29938844018
175 559 3.77093633198
176 668 4.11675891429
177 263 0.241813406643
181 169 2.05203469882
182 188 7.7408008123
183 338 1.82127388281
184 727 6.09456041723
185 84 2.81001519499
187 199 3.0641625843
191 136 0.200410233457
192 1075 0.0
193 185 3.84589798413
206 92 5.33568452293
207 143 1.51002064294
208 186 7.54038432172
209 102 0.914122797332
211 420 1.93895325193
213 189 1.7902432755
214 276 7.4447198358
215 146 6.81276654764
218 266 6.91018959794
219 147 6.83605812515
221 921 11.2969382847
222 610 9.33444059239
225 76 0.369143461612
226 95 1.37979872077
227 66 1.28213732775
228 105 4.94321138275
237 165 6.62052809818
238 96 2.9894816587
241 169 4.62991758353
245 166 8.59468364765
246 180 1.48586791477
247 331 3.0158383519
250 365 5.32092185077
260 109 1.26763435856
261 92 2.75090232967
262 111 0.0
263 71 0.0
268 135 2.24564404781
269 85 9.92547412025
276 582 8.15612348973
277 141 9.70865840702
278 192 1.86340668013
279 160 1.69931822135
280 143 3.38426812127
281 114 2.43467114296
282 153 7.03088252888
284 261 1.96169356018
285 187 1.9366891936
288 156 7.75383544886
291 133 1.2220848199
292 350 6.81757398075
293 274 2.88921665176
295 92 0.847994519686
296 2438 0.0
298 42 0.615137697092
302 80 0.545813353158
307 142 1.31719371328
308 156 1.01994177233
309 88 2.29830562659
312 579 2.86395459903
314 1 0.0
315 1 0.0
319 306 2.94743662134
322 84 8.24650765825
323 209 1.78010307783
325 159 1.96555454035
326 89 0.904949549709
327 57 0.637922023102
329 68 0.587084222063
330 105 0.804218091692
331 99 4.26953954783
332 36 0.0
334 131 0.0
336 155 0.870613866323
337 209 1.85437010636
340 292 5.02486243697
341 414 12.1152248133
343 132 9.30973423351
344 131 10.6664413307
345 274 3.42764242252
346 67 2.7254992483
347 486 7.66785154693
348 198 5.96134246123
351 112 1.71210840851
354 234 2.12401314527
355 108 0.858515773531
366 47 0.66074231365
368 179 0.91584474032
370 194 1.44978721962
371 111 1.71196188851
372 148 1.76908328936
373 95 1.02549399145
374 72 0.599641248943
375 716 3.85943383105
376 108 3.50699029652
378 192 0.463844846705
385 597 2.63512431353
386 285 6.94112351561
387 100 1.47887433909
391 176 2.18762604417
393 185 3.06960479709
394 427 10.1360876181
395 555 10.1901600933
396 128 3.70878639962
400 986 18.9212921434
401 356 2.22108365258
402 192 1.83214855866
404 66 2.33179537236
405 1 0.0
406 330 14.0302310038
408 70 2.2190932023
414 74 1.12563765498
415 191 7.00630733527
416 90 2.88198318418
439 84 0.433646134179
440 638 3.96234380577
441 652 1.90602417087
443 209 7.70280981008
444 321 7.4951759712
446 53 1.00554609449
447 75 1.77191050197
453 191 3.35529854055
454 288 9.10080565617
459 15 0.0
476 670 8.44789794728
477 449 10.0528518807
479 255 10.3995684923
482 436 4.86433733493
483 156 5.3219756586
484 613 4.25863983181
485 237 7.78672997079
486 94 2.21937482278
489 881 10.1722268476
495 740 4.84957968772
501 383 6.07960175287
502 247 9.32654672139
510 543 6.45804337106
511 266 1.22178043833
512 185 2.15106104456
513 166 1.35820144003
514 630 4.86768266747
517 86 1.77417449475
523 1 0.0
529 1 0.0
532 209 3.71783020325
533 1 0.0
534 714 8.1166677776
536 837 4.89211013042
537 211 11.6344620356
543 244 2.65215576752
546 469 4.23029141814
548 132 1.19493557732
550 127 1.40761646059
551 101 0.788750915112
554 72 1.49484859656
565 1 0.0
566 937 9.09882651187
569 737 7.43731561709
573 237 8.77479598674
577 545 3.96280315682
578 697 2.41456658882
581 223 1.01137410252
582 247 4.37529562846
583 264 1.24874078946
587 146 9.8680277952
588 68 1.02528821193
589 177 4.49130831419
592 199 2.81864805604
593 134 2.75252650314
594 83 3.94058694754
595 84 1.22237224749
596 128 1.18940400101
597 82 3.91890320293
600 691 3.38393737382
601 124 1.620453481
603 1 0.0
607 249 2.39258999352
608 171 1.73763523311
611 835 3.72506351565
612 1544 0.0
614 117 1.27274542364
616 145 3.32189207223
618 145 3.01302543265
622 1213 0.0
623 767 8.49438280677
632 119 0.538730433213
641 291 1.47011563478
642 1178 0.0
648 147 1.20931930945
649 108 0.736691320082
650 99 10.4701300525
651 123 0.696662968653
653 98 10.6526883654
654 58 0.643493500266
657 216 2.21565210679
662 234 5.44811594798
665 405 11.8005545281
675 440 11.1608724189
677 128 0.988002796729
681 1 0.0
684 120 1.6475449645
686 283 6.13745567993
687 36 0.0
688 1 0.0
691 101 0.0
705 173 1.66710596461
706 249 1.94290957426
707 114 1.31467102187
708 68 0.0
709 299 8.02073997485
711 325 8.43101622087
715 147 6.41573087265
716 130 2.15299209831
717 201 2.33398792256
718 118 7.48287711924
726 643 3.16237844148
727 1760 0.0
730 215 13.8796656874
734 1 0.0
738 1050 0.0
739 1 0.0
743 203 2.31669601295
746 125 3.47750704136
759 321 3.55976613416
760 134 2.84687604081
761 162 17.8816089629
764 205 3.3601938864
765 167 2.65319484599
766 295 6.74225223342
768 1 0.0
774 1 0.0
776 1 0.0
781 1 0.0
782 1 0.0
788 853 5.11652169354
789 198 2.54010293612
812 463 13.4791734888
813 342 1.57464841812
814 306 4.55564980373
815 144 2.41124286781
820 1 0.0
821 1119 0.0
823 535 2.54831668989
824 208 6.2476899597
825 228 4.66932214585
826 212 1.18152818056
828 214 3.16655166993
831 570 8.28528134468
834 1 0.0
838 112 1.8648741893
839 261 1.27858793634
844 308 4.00978682021
845 1 0.0
847 443 10.3856250021
859 1 0.0
862 2443 0.0
863 1 0.0
864 1 0.0
865 1 0.0
866 3518 0.0
867 385 1.45704098238
868 659 1.48810741271
869 552 0.87563212087
877 308 3.06325601019
878 208 3.64788589115
880 164 7.94291121056
881 80 11.0951396521
884 1002 0.0
913 711 7.28567241945
914 1 0.0
922 1397 0.0
923 773 8.01307544559
924 412 7.12936154244
926 1920 0.0
927 383 2.90312931383
935 1597 0.0
936 184 7.60804232727
938 641 2.55059500342
939 298 0.974259242204
946 1548 0.0
948 221 6.52457380267
950 937 5.37063157393
962 1 0.0
963 2257 0.0
965 2562 0.0
970 1 0.0
975 1174 0.0
977 1 0.0
979 1311 0.0
982 346 1.56123252263
985 406 6.35346678685
988 176 3.61074374616
990 1 0.0
992 446 7.42861655212
997 239 3.76691811469
1001 242 9.32020309679
1003 216 1.15430013416
1006 1612 0.0
1007 789 2.71055651323
1008 318 4.56663383291
1013 1 0.0
1014 4484 0.0
1015 747 8.51566327197
1016 1 0.0
1017 1 0.0
1019 1 0.0
1022 304 8.90533496639
1024 412 9.73436721636
1030 1 0.0
1031 1089 0.0
1039 151 0.0
1040 434 5.92147495476
1044 1 0.0
1045 547 6.32672696314
1047 1 0.0
1048 420 6.84893969348
1050 307 4.46160990112
1053 1560 0.0
1058 1 0.0
1064 721 3.40954787221
1066 205 6.20763989519
1068 1 0.0
1069 45 3.22627647338
1071 477 5.09279158201
1072 197 1.26360747534
1073 830 12.6360511932
1074 524 4.58078763292
1077 1 0.0
1078 1 0.0
1079 130 1.55057538599
1080 107 0.335565673949
1081 1137 0.0
1084 1 0.0
1085 407 5.53014322132
1089 1 0.0
1090 1556 0.0
1091 351 3.89943227204
1094 159 1.98946593616
1096 1 0.0
1097 532 6.45105049951
1100 659 5.19085590821
1101 157 3.04304662092
1106 609 2.45333427407
1107 307 4.96019948748
1110 213 2.71857830035
1111 94 10.396818373
1112 147 4.69763262596
1113 210 3.29510243009
1114 246 2.96924251877
1127 198 3.63035803863
1128 584 4.25278227396
1132 268 6.69980440817
1133 303 7.00371988757
1134 135 6.95425745134
1139 328 12.6874485539
1140 1 0.0
1143 178 2.02468896877
1144 129 2.15296358788
1145 112 1.303916268
1146 175 2.09903668576
1147 453 10.5646760476
1148 220 6.5686922818
1150 1001 0.0
1153 531 3.47617524931
1158 139 5.06068696888
1160 339 2.28550644085
1162 205 3.63972116151
1163 183 1.9431065153
1166 239 2.39395020583
1168 943 8.30708771745
1169 1136 0.0
1171 993 14.967377057
1173 240 8.36206282179
1174 136 5.12047594107
1178 572 5.86719109508
1180 1 0.0
1181 1 0.0
1188 246 3.95505399806
1189 426 11.7718625006
1190 116 2.33989553417
1191 84 1.06091596519
1196 481 3.790703174
1197 628 3.15273951988
1204 1 0.0
1207 478 3.2760551875
1208 436 3.41748917538
1209 441 5.5654288061
1210 277 1.31598960936
1211 593 5.46277177134
1215 834 7.88387293528
1216 309 7.47628740778
1218 143 1.97747894196
1229 1105 0.0
1230 321 2.24279461851
1236 183 2.18465611473
1239 235 7.12165744487
1240 317 4.30577798033
1242 1718 0.0
1243 677 3.2136934277
1245 302 4.11432735126
1247 1 0.0
1252 482 3.7786432285
1259 149 3.50311902684
1260 235 1.3576256944
1261 189 3.0875279597
1263 1652 0.0
1265 611 7.99575567388
1266 923 5.19600181437
1275 120 5.59869157883
1276 102 4.70635990208
1277 270 1.41528677561
1278 854 8.60324221026
1279 84 2.75200889805
1283 812 7.83054263696
1285 77 0.572411708004
1288 228 8.05106298012
1289 80 0.0
1294 639 3.41718749818
1298 78 2.05539242218
1301 264 5.14153445749
1302 1 0.0
1314 311 8.81750241671
1315 193 5.60651614647
1317 175 3.12687224492
1319 74 0.975204938621
1322 141 3.90477888037
1326 232 8.8475712421
1330 378 6.74346527893
1331 1 0.0
1332 346 1.71785110182
1337 133 3.32891635796
1339 153 3.72900119805
1344 98 0.879053723308
1345 675 3.72414480812
1349 61 1.47122065581
1350 313 6.73084586548
1352 410 3.07290533318
1353 1 0.0
1354 484 7.60492062848
1355 1 0.0
1357 301 3.22620686059
1359 653 5.44050408339
1361 413 13.4175504894
1362 143 2.92169466251
1363 210 1.17567018655
1366 490 6.72609300629
1367 456 5.87953158667
1368 115 1.36805269696
1371 273 5.93641741451
1373 365 4.16843299784
1374 312 24.135972329
1375 586 2.51926849398
1377 218 4.56173117698
1378 232 3.38454914795
1379 231 4.87908947927
1380 260 3.82250165493
1381 127 1.0421706231
1382 1 0.0
1383 266 14.2106219933
1386 400 3.68357989567
1387 295 11.9585272941
1390 51 2.6517081163
1391 486 1.96131146985
1392 1648 0.0
1399 1 0.0
1402 106 0.0
1405 911 10.2330593626
1406 493 8.71783979228
1417 266 9.23580053647
1420 511 2.83443588033
1421 213 5.2923005907
1424 1328 0.0
1427 310 4.46655245065
1428 1 0.0
1431 332 1.97136327107
1433 287 3.48135816078
1435 106 0.0
1436 593 1.87900705413
1438 1 0.0
1440 1265 0.0
1441 75 0.0
1442 172 3.82675447557
1443 452 4.9099526159
1449 1 0.0
1450 215 3.1297243472
1451 176 3.11501552854
1452 446 3.76982846741
1453 143 1.03324081388
1454 176 1.11610318348
1455 150 1.62100082131
1459 148 1.20815221752
1460 132 0.0
1466 171 8.76221005
1471 976 7.77751458052
1472 189 9.38820280884
1475 1 0.0
1480 605 8.03168981417
1485 233 3.59630524521
1487 480 6.86988864462
1488 1 0.0
1490 1 0.0
1494 1 0.0
1496 295 9.93574005372
1497 270 1.55411826129
1498 168 1.25711428768
1499 1 0.0
1502 1 0.0
1506 285 7.26610051007
1507 293 3.04209364305
1508 620 2.91678481485
1511 227 5.91410702783
1526 439 2.24410710306
1527 247 2.39745740405
1529 1 0.0
1531 265 5.50226606927
1538 694 5.17133247972
1555 1 0.0
1556 236 1.98884637739
1558 253 0.544866393972
1559 176 0.849498214069
1560 1 0.0
1563 2664 0.0
1564 224 1.84287558839
1573 556 8.08702573044
1579 520 7.49001352715
1580 186 2.68616847776
1581 1 0.0
1582 1 0.0
1585 1 0.0
1588 1 0.0
1590 182 3.03682701685
1591 244 1.69381475135
1592 181 8.46784676228
1593 334 5.72413028277
1600 779 12.4159156308
1602 325 8.19269962181
1604 1 0.0
1605 1 0.0
1606 1 0.0
1607 148 0.661187432737
1609 1 0.0
1618 476 4.55767763464
1623 1 0.0
1624 1 0.0
1625 1 0.0
1627 402 9.08793836479
1633 694 3.75531696004
1634 1 0.0
1639 1576 0.0
1640 189 5.15293071715
1641 529 5.3454147317
1642 1 0.0
1651 1 0.0
1652 130 1.82769737621
1657 1 0.0
1660 1 0.0
1661 733 7.46582464889
1662 145 1.28139868145
1663 1 0.0
1680 643 8.67827579056
1681 763 2.36179838713
1682 1 0.0
1683 569 2.43563179973
1689 393 5.21132910223
1703 579 0.767026876474
1714 1 0.0
1722 1 0.0
1736 526 7.85956054399
1737 1 0.0
1747 167 6.25546214597
1748 1 0.0
1750 463 13.0691991891
1761 206 6.63545136417
1762 447 5.51347287967
1766 420 6.31239108112
1767 136 3.44182459707
1769 266 8.8084822284
1770 1 0.0
1773 634 5.66875426443
1783 737 7.13314277692
1784 114 1.89510027871
1785 868 10.766496281
1788 251 2.75071031001
1791 1 0.0
1801 273 1.46829904707
1802 565 5.63916558234
1813 182 0.65260094217
1844 1 0.0
1845 319 1.92336245006
1847 238 4.08749200758
1850 631 6.52257345345
1851 422 1.46652450135
1852 1 0.0
1853 419 4.1762609311
1856 98 4.05033535543
1857 1 0.0
1861 104 4.97329371195
1862 121 0.32562259983
1866 1 0.0
1869 128 2.98998633422
1870 82 2.7534221415
1871 1 0.0
1872 996 11.2736977827
1874 297 8.51692503819
1884 47 2.30147007437
1885 114 1.82978909403
1886 108 1.46636254498
1887 202 5.11427633148
1888 463 14.815087689
1898 1 0.0
1905 703 2.01518879204
1908 154 3.429269953
1914 1 0.0
1929 80 2.44107619921
1930 1 0.0
1936 1 0.0
1937 226 3.01647793253
1938 44 0.0
1942 223 5.03307340175
1943 1 0.0
1944 1069 0.0
1946 529 3.54275693857
1951 184 10.3144462302
1952 1 0.0
1953 656 8.55603494104
1957 99 1.94651527422
1959 586 4.35583872771
1961 24 0.0
1962 189 2.19398416153
1968 331 5.60643114387
1970 1 0.0
1977 1 0.0
1982 1 0.0
1984 183 1.75987947329
1985 1 0.0
1986 181 1.5260952907
1987 103 1.02166558589
1988 506 6.38564581847
1993 345 5.54701749008
2001 350 3.21196425666
2003 160 8.3970346109
2004 364 9.32821056293
2005 442 4.31058192977
2007 755 6.89894814958
2008 1 0.0
2009 1 0.0
2010 646 6.62267709582
2013 705 8.01277760554
2017 247 3.5005022005
2018 334 9.98223706042
2020 116 5.48978940548
2021 79 3.66614321323
2022 1 0.0
2023 365 5.6281498526
2026 397 2.17580489877
2034 172 1.87597233694
2035 231 2.3993254047
2038 1 0.0
2042 217 9.38774969256
2047 273 4.53264509239
2049 212 16.989419479
2056 326 7.4690077193
2057 179 1.44624693816
2058 999 12.2034531742
2060 105 0.0
2061 114 1.40898766394
2063 294 3.36386529302
2064 132 2.03201923187
2069 107 4.62995345489
2072 331 11.2727147352
2074 67 4.86624291859
2075 67 11.7812418649
2076 144 7.65846166338
2077 1007 0.0
2078 306 15.6795813906
2079 498 14.0453780516
2080 391 2.61247380189
2083 1 0.0
2084 431 6.78168676099
2091 598 1.85968343944
2104 290 3.73871303267
2105 148 4.4624186783
2106 271 1.37419530075
2107 1057 0.0
2108 1 0.0
2109 724 7.35678614269
2111 168 10.5979019823
2112 82 4.34700793718
2115 286 8.33205859246
2116 198 10.4988963376
2121 214 2.68250119652
2123 357 12.6051901796
2124 151 10.5886729971
2125 152 8.78513557993
2126 674 5.1887129289
2128 503 2.86278968886
2129 1 0.0
2135 68 3.18676766958
2136 222 4.36198402062
2137 1 0.0
2138 770 14.7733782011
2140 428 4.3804088906
2141 226 8.27221683972
2143 292 11.4635441225
2145 119 1.76797155845
2146 145 5.23131306911
2147 190 9.91197411664
2156 262 3.47082095517
2157 107 13.7250867159
2159 469 9.55854746633
2169 398 3.18086164443
2171 235 18.2086456354
2173 203 12.4927563148
2181 1 0.0
2185 1 0.0
2186 212 6.41643442176
2187 348 1.43941297296
2188 1 0.0
2189 1416 0.0
2192 739 5.47417822506
2194 75 1.95703950307
2197 86 0.449992184251
2198 84 1.23981506738
2200 93 1.08848952463
2202 111 3.03159444776
2203 133 1.66237823129
2204 24 0.0
2214 276 6.88250519795
2215 623 9.90228211611
2223 1 0.0
2234 272 4.4564405267
2241 422 12.2707220311
2242 686 3.01922045997
2243 313 20.7189440093
2244 1 0.0
2245 1872 0.0
2247 162 5.00809228526
2252 499 2.79736897526
2254 143 14.9471032862
2278 53 2.90376808072
2285 67 2.15548841496
2287 151 2.29573921976
2288 87 1.55038890663
2289 1 0.0
2290 974 15.0015767992
2292 117 1.3833116241
2293 124 10.9466762865
2296 253 20.5450500596
2298 49 0.0
2299 446 8.23080790956
2300 1 0.0
2301 362 7.35896466267
2305 224 14.0839556769
2306 246 2.95113853634
2308 1 0.0
2311 291 5.84556227632
2313 327 8.21773937502
2329 3213 0.0
2337 65 15.5548878286
2342 252 0.95117256217
2344 178 9.97455043459
2348 51 3.00670054361
2349 182 2.58393093706
2353 1564 0.0
2357 134 1.39262785623
2358 155 10.2359533733
2359 1 0.0
2360 963 3.92928263626
2362 468 10.085508477
2365 1 0.0
2368 1 0.0
2371 1 0.0
2374 1277 0.0
2375 504 4.53925628472
2377 1331 0.0
2380 413 6.41526886643
2385 48 2.21507136504
2386 47 2.30147007437
2390 564 8.70809067236
2393 284 1.74544925658
2398 289 14.3705621122
2399 325 16.1779468652
2400 1 0.0
2403 337 9.59952638694
2404 53 0.0
2415 218 1.98346616646
2416 224 4.23232250582
2418 408 2.33643538947
2420 395 9.68500010697
2422 120 0.803957495799
2423 558 10.6088745371
2426 195 4.2801026852
2427 312 12.8317056679
2428 1 0.0
2429 589 3.97930034761
2435 1 0.0
2436 357 6.00530444584
2438 647 7.77531589007
2439 115 1.35022674249
2442 134 3.01444453127
2443 67 5.28606254202
2447 1 0.0
2449 1 0.0
2451 490 19.4057312244
2454 1 0.0
2457 135 5.33828782888
2459 129 0.432190080327
2465 113 1.59664489332
2468 1 0.0
2469 92 1.53331372157
2470 1 0.0
2480 171 2.96434341495
2482 170 10.9953876285
2484 313 6.67490337404
2490 1131 0.0
2493 201 9.31507092413
2502 226 1.42291962698
2504 760 2.66835504083
2505 1663 0.0
2507 174 0.653902208162
2513 120 4.54349793578
2515 248 10.3168504364
2516 1 0.0
2517 669 6.20774663297
2521 1371 0.0
2522 340 7.26937857616
2524 330 3.07643648279
2525 528 4.91146773589
2530 126 16.2834492393
2532 126 2.60809305485
2533 218 0.658462516904
2535 461 1.40880575988
2536 971 9.66042562509
2539 181 5.16259428692
2546 115 2.40698611836
2548 1139 0.0
2552 1 0.0
2563 1347 0.0
2565 133 9.77177072306
2570 1045 0.0
2573 423 2.05747357541
2575 361 13.5175683343
2586 888 12.0237490228
2590 510 1.45401306947
2592 253 0.486975550432
2595 51 2.1690811365
2596 263 4.47605757453
2599 1196 0.0
2601 332 8.54407833996
2605 256 2.06183202531
2606 208 2.66219460989
2608 1 0.0
2609 1318 0.0
2614 190 0.946256180123
2615 483 3.94770687563
2617 389 2.50034033211
2620 123 20.5815338393
2623 1082 0.0
2632 377 3.14718793586
2638 1 0.0
2639 452 9.92816217137
2641 536 6.15287444131
2642 338 9.3417405755
2651 340 8.40883295634
2653 237 5.92881277402
2654 1 0.0
2655 220 6.27265239387
2656 203 1.26423109057
2658 318 9.19912275056
2661 241 3.76060962558
2665 1 0.0
2667 206 6.99743603819
2671 409 10.7424782922
2680 234 3.0834160492
2685 55 14.881683428
2686 1065 0.0
2689 529 3.51311772011
2694 1415 0.0
2696 76 1.8117040574
2697 129 2.22323099595
2698 198 3.86100216547
2699 272 2.00883755992
2700 421 1.86523684467
2701 1 0.0
2702 1742 0.0
2707 357 17.7032197161
2712 495 2.89320285223
2715 95 10.2753952063
2720 255 4.41457146765
2726 1341 0.0
2727 405 7.07505251737
2729 821 17.6065162201
2730 315 7.45705077654
2734 354 4.65571464502
2735 1026 0.0
2740 1 0.0
2754 82 1.35081777608
2758 129 2.62611402186
2759 590 6.79223474955
2760 101 1.60703914857
2763 1 0.0
2765 115 4.51712901298
2770 191 3.63096051997
2774 75 2.8323354209
2776 1 0.0
2779 432 1.07305654651
2780 144 3.06898061542
2781 421 2.45047025161
2788 210 10.3343396475
2790 315 5.51822622142
2791 78 1.69420381715
2793 1 0.0
2795 518 3.56421303912
2796 145 9.45999415255
2798 288 3.03842836291
2799 455 15.0442006056
2800 193 5.02070622541
2801 384 4.87299769601
2802 1 0.0
2803 441 11.127569698
2805 121 8.02924228276
2807 439 19.5401017665
2810 105 4.0927960408
2811 224 4.89754758886
2814 1 0.0
2817 670 11.6919326651
2818 1 0.0
2819 103 6.97092050958
2829 216 12.8845625237
2830 501 7.32301732578
2834 158 0.646699028592
2837 135 0.226841968589
2844 114 4.81338540569
2848 216 0.883258448189
2849 213 2.84238898551
2851 1 0.0
2852 1 0.0
2856 78 1.10287304396
2857 1 0.0
2860 1 0.0
2861 1580 0.0
2864 119 1.39508470127
2869 1 0.0
2870 393 20.7584340268
2873 167 8.67523132472
2874 1 0.0
2875 158 2.57099960538
2876 392 1.64698598721
2877 336 5.40132059408
2880 345 4.9406032147
2881 201 1.95329324265
2883 439 2.95787111524
2884 471 8.58138095278
2887 158 1.12099470683
2888 204 7.77630186115
2890 394 12.8185843769
2891 562 1.53307760438
2894 203 0.581268289599
2895 576 8.92228992233
2897 230 1.57716016456
2899 328 4.34824660724
2901 1528 0.0
2902 335 13.6780471849
2905 109 1.36157667364
2907 52 1.33592267793
2908 335 4.71069135642
2910 721 12.3473524587
2912 748 7.06286971995
2917 429 13.735336053
2918 449 15.4675498174
2919 78 1.18160240695
2920 1 0.0
2921 1082 0.0
2931 307 20.5009420096
2932 114 7.40980954532
2935 619 4.63925073752
2936 1 0.0
2938 1 0.0
2941 292 0.778985972464
2942 1 0.0
2951 170 3.76086453498
2952 1 0.0
2955 1 0.0
2956 117 6.34241380305
2957 42 2.34645479446
2958 107 9.97012378441
2959 222 3.84806053956
2960 1 0.0
2961 410 12.0794297808
2963 146 11.1999956623
2964 260 2.37040242769
2966 329 17.4891607247
2967 244 8.85792070375
2968 107 3.33802803304
2972 78 2.27032049398
2974 1 0.0
2979 159 3.49727004021
2981 194 10.0420404177
2982 158 2.00905371523
2984 172 3.56929926336
2985 1 0.0
2992 167 6.04031878757
3002 109 1.39249625485
3004 725 6.7915704452
3010 1 0.0
3012 106 1.43268685395
3013 1062 0.0
3014 282 0.930248356458
3015 1 0.0
3016 96 13.3162969831
3017 118 0.624114380196
3018 426 6.26734439104
3021 1 0.0
3026 294 0.515705322617
3027 462 2.62712600972
3028 69 13.5565356331
3029 1 0.0
3030 230 1.91495255044
3033 38 2.56213644898
3037 171 5.60921193473
3040 506 3.05072239481
3041 1405 0.0
3043 172 2.42832520704
3044 458 10.8366758449
3047 162 18.4487474544
3050 164 1.19633716542
3053 759 3.96175878259
3057 129 4.75239420296
3058 117 27.4582339836
3059 252 13.9405181342
3061 336 6.74519054494
3063 201 8.31174922742
3064 305 12.3519408486
3065 1 0.0
3066 235 10.6491556117
3067 307 10.1261341426
3070 450 6.91337696877
3074 161 1.67128636718
3076 1 0.0
3077 535 2.27133396345
3081 353 4.66962385424
3087 886 7.73182492078
3095 22 0.0
3096 28 0.0
3099 1148 0.0
3100 1 0.0
3101 527 3.98746699019
3102 1 0.0
3103 220 4.31433729443
3104 424 6.459773234
3109 1 0.0
3111 260 8.30810143076
3112 308 2.97156095786
3113 1055 0.0
3114 118 0.0
3118 193 11.137764182
3120 924 4.16662500395
3121 617 10.8732623117
3126 1 0.0
3127 239 8.51325850018
3130 1234 0.0
3134 1109 0.0
3136 631 4.4466130767
3138 495 5.29931750134
3146 264 6.89961368469
3151 200 9.59792400738
3152 708 5.42749596195
3153 1729 0.0
3157 171 0.828816040849
3166 248 2.91759505009
3167 436 6.2346891746
3168 258 11.480991574
3169 280 9.05487602862
3173 51 0.0
3176 159 2.41889444251
3180 104 12.4507908581
3182 1 0.0
3183 933 7.12872021267
3187 1 0.0
3189 977 10.505448643
3191 1 0.0
3199 1 0.0
3205 284 2.68011155791
3206 312 5.47209893765
3207 587 4.50853764023
3213 1601 0.0
3214 223 9.83027745173
3221 695 4.80127926398
3223 1073 0.0
3227 1315 0.0
3234 192 2.15075204635
3235 232 7.81736642363
3238 200 0.222671036092
3240 1 0.0
3242 1 0.0
3243 778 7.74872140176
3245 575 2.84990342075
3253 472 5.05377137281
3257 44 2.55560014904
3258 816 7.16042894049
3263 187 3.83956896367
3270 1 0.0
3272 1 0.0
3273 149 3.10238026442
3274 192 3.68754958239
3277 364 13.1560508825
3281 1 0.0
3282 1 0.0
3285 61 1.78676284396
3286 196 3.67846334981
3287 65 4.10331587104
3288 1 0.0
3289 1025 0.0
3293 170 8.66768905965
3296 1112 0.0
3297 1 0.0
3302 1 0.0
3303 1 0.0
3308 282 4.0277931916
3311 1048 0.0
3313 602 10.1439485098
3314 101 1.55685301316
3317 403 4.69344406023
3318 1 0.0
3319 226 12.1737322885
3320 471 15.5835434139
3327 1 0.0
3328 1 0.0
3334 186 0.4917138866
3350 1 0.0
3351 1 0.0
3353 251 9.05223348211
3362 153 2.28142611228
3363 1 0.0
3364 145 0.310769509593
3368 130 1.00722386011
3369 208 7.64414149182
3370 179 3.74461235769
3374 181 3.89625542698
3382 252 4.92463074769
3384 288 8.65939496075
3385 330 13.943050241
3388 630 9.91801523464
3390 1 0.0
3391 1 0.0
3392 1 0.0
3393 1109 0.0
3397 938 12.9376615937
3398 875 12.7660550661
3400 1 0.0
3407 169 1.77145331763
3423 80 4.45226153326
3427 447 6.36309080573
3429 586 2.51328095171
3436 44 3.23370580428
3441 1 0.0
3442 758 12.5172530472
3445 477 8.02511597864
3446 452 5.16667166255
3447 417 6.10623552592
3448 488 6.14076304761
3452 141 7.46643624847
3454 203 0.47833381831
3455 245 2.47544046639
3482 1 0.0
3486 1 0.0
3491 1 0.0
3492 910 15.9733150485
3494 379 11.6566365874
3496 355 1.75947543397
3507 367 1.34464804331
3516 127 2.03214525638
3519 114 1.8052473827
3520 161 1.11620394612
3524 1 0.0
3525 642 5.80574389619
3527 1768 0.0
3528 101 3.30376365171
3529 125 1.37503623964
3532 199 3.74079055013
3538 994 12.5731951391
3539 146 8.58220299552
3545 313 7.65046307226
3549 171 6.45925732977
3550 258 2.73611675291
3555 326 6.41435710613
3556 272 14.9173233495
3557 696 3.3794520786
3560 691 10.1363017495
3563 121 19.615626337
3565 436 2.37761569691
3591 778 5.08913294044
3592 2877 0.0
3593 165 1.40748251302
3594 354 7.29764798658
3595 223 0.775486096108
3596 215 1.90599146696
3597 347 2.81542926866
3600 197 13.4762052572
3604 1 0.0
3609 152 2.20334344975
3612 329 8.7248079256
3613 288 4.66369696793
3618 440 9.10957176615
3623 130 1.6220285585
3626 193 1.45021091798
3634 315 1.15398503179
3637 1 0.0
3639 99 2.54722062276
3641 620 2.29010167405
3648 572 1.5511583675
3649 371 11.5661600283
3650 500 10.5285133241
3657 133 10.3967634892
3662 1 0.0
3664 1 0.0
3669 554 1.8718517978
3674 1 0.0
3675 827 3.30907571909
3676 1258 0.0
3686 677 4.95027750347
3691 88 0.671378434905
3693 153 3.16734212658
3695 113 1.68973249356
3700 183 10.4774224718
3704 250 19.1052386545
3710 1 0.0
3712 1447 0.0
3713 256 2.32272152353
3719 297 11.2499029195
3720 100 5.10233612219
3721 294 2.12249587061
3723 83 1.81565086084
3724 228 3.3856076714
3726 138 9.24753665992
3727 789 7.05540866709
3739 323 9.42907561546
3740 565 2.58513296457
3747 125 1.37503623964
3748 199 5.84692000978
3749 1 0.0
3754 536 7.48894439217
3764 227 5.68299512557
3766 1 0.0
3772 281 1.53168489768
3773 255 2.10510334434
3781 88 0.473584976955
3784 70 3.8988166146
3785 639 5.10018857025
3790 1 0.0
3797 474 5.10399375546
3809 1 0.0
3810 475 10.9408790475
3814 471 5.97797781097
3831 2263 0.0
3832 162 3.25514550674
3835 465 5.2052458186
3836 1 0.0
3845 1 0.0
3849 463 4.94946986959
3851 258 1.3958688048
3854 507 5.97284569987
3858 105 0.743437794225
3862 148 11.7616501297
3871 235 3.3624188794
3873 858 7.3281555404
3874 79 13.3847292611
3875 65 0.0
3881 220 2.80700560016
3887 1 0.0
3897 212 1.73008227694
3900 435 6.97499800474
3903 144 1.95429524395
3904 1 0.0
3905 1225 0.0
3909 217 5.33745635653
3910 612 4.94128075656
3911 314 5.72166153271
3912 138 1.72325603748
3916 298 5.50974509024
3917 289 8.53614987992
3921 1 0.0
3936 1 0.0
3948 1 0.0
3949 1032 0.0
3953 1 0.0
3958 164 0.883758846103
3959 1 0.0
3962 212 8.68693436705
3963 571 4.39059368335
3964 155 0.0
3973 250 2.23974463247
3974 1 0.0
3992 159 8.00398533024
4000 1 0.0
4002 141 0.635779397685
4018 1 0.0
4023 34 13.3211965062
4024 201 3.1597138922
4026 1 0.0
4027 292 1.05564686706
4031 64 0.0
4034 262 7.23016886202
4038 685 5.99964036997
4045 278 2.95196963106
4049 214 3.26589702344
4051 198 16.7511897988
4053 276 6.76788420166
4055 356 5.85188511336
4058 334 1.55424281947
4060 260 7.08466402107
4064 155 5.4797941296
4065 1 0.0
4074 1 0.0
4083 207 5.61771431801
4085 234 12.1116980903
4086 183 9.25731006429
4087 129 5.05999826518
4088 387 4.58787440845
4097 300 1.46686884865
4101 388 3.45959266073
4109 199 8.99660186048
4110 126 2.40473786765
4113 1 0.0
4124 1001 0.0
4125 157 15.7011031498
4128 526 4.69182631251
4132 297 11.7406547655
4138 112 12.4633538765
4139 666 6.83799467616
4140 449 6.183543503
4143 852 9.14832916889
4147 1 0.0
4152 1 0.0
4166 22 0.0
4168 255 2.12776455021
4172 1 0.0
4175 269 2.91260288837
4176 127 10.9048722564
4177 172 1.34734780617
4181 278 2.65116512798
4184 145 6.79218544153
4187 819 7.49330395236
4193 1121 0.0
4199 1 0.0
4208 107 5.64645820127
4218 756 11.594380343
4221 616 6.38602592046
4223 379 12.6390744823
4225 101 1.03729939852
4226 1072 0.0
4228 1148 0.0
4230 264 2.42949604065
4233 308 5.14580246879
4240 191 4.99132983681
4241 514 3.09177013982
4250 352 9.14917617482
4259 1364 0.0
4260 132 19.4724760005
4261 692 9.05648965468
4262 182 3.65686707833
4263 87 5.23216202816
4266 353 2.98528059731
4272 386 1.91301495783
4275 119 10.8094853276
4278 225 2.84608201672
4281 103 3.4573101811
4282 205 7.41031963439
4284 69 1.06685417177
4294 140 11.9707211585
4303 83 1.84856419883
4306 1 0.0
4311 626 6.07597754681
4314 100 0.0
4315 879 10.9556084047
4316 1 0.0
4321 34 1.59417799537
4326 177 3.73178451337
4327 629 3.41414122395
4328 165 1.91700262378
4330 57 4.35883320153
4332 922 9.54282657334
4334 305 6.83934387842
4339 85 0.62605168695
4342 136 2.73886337452
4346 209 2.71401231606
4351 114 1.7632952834
4352 77 11.6221971583
4354 10 1.06659209095
4356 720 9.38159019432
4357 316 8.69758579271
4359 471 6.91431388296
4365 79 3.20406136257
4369 289 1.64674940585
4385 373 4.99206161004
4388 1 0.0
4389 533 7.51388032223
4391 1 0.0
4393 656 7.85806227718
4395 1 0.0
4397 1 0.0
4398 716 9.4252216375
4404 389 4.53374936623
4409 1230 0.0
4426 667 3.97097948252
4429 890 9.09501702534
4430 1 0.0
4438 828 13.6435814999
4443 149 1.96002967154
4444 592 8.82365649537
4448 283 1.45542004657
4454 591 9.02236492736
4455 348 5.18735684946
4456 229 4.21341732546
4459 458 6.7602258818
4462 257 8.58955409559
4464 202 2.15829939416
4465 39 3.02787899942
4467 209 8.71333382273
4468 427 7.1859892439
4470 411 4.70053744946
4471 1 0.0
4474 711 7.75223163528
4475 1880 0.0
4477 278 6.47466488116
4483 55 1.50291258929
4487 368 4.52887605473
4492 700 5.99139451223
4495 23 1.04869763934
4496 430 10.4112279898
4499 492 10.8565152169
4509 846 8.85481442089
4513 685 6.38708026562
4521 109 0.849667352826
4522 171 1.09916870156
4527 327 7.25010836691
4535 522 4.71001185343
4536 1049 0.0
4540 984 10.6039570707
4545 212 3.00485804531
4546 1 0.0
4555 434 5.41676354979
4558 897 3.19114345504
4559 116 1.39128123663
4560 371 2.81230870476
4562 327 24.4873144819
4564 399 10.6668536207
4570 2045 0.0
4571 71 1.8857942993
4572 342 11.2486410455
4576 826 4.13654773399
4580 341 4.743977384
4583 100 1.1711320631
4584 565 9.19881364857
4586 231 3.0414424343
4600 1 0.0
4608 203 4.9158715061
4609 621 10.7595686989
4610 1 0.0
4613 185 4.16496884145
4614 1148 0.0
4615 807 7.15017376959
4619 605 2.55470654115
4620 274 9.19966035667
4622 1746 0.0
4624 215 8.56327881874
4633 107 0.714374496986
4635 1 0.0
4636 666 9.56923153802
4641 277 11.6802504665
4653 771 5.08150656931
4660 160 10.4202175951
4661 667 8.62489076967
4664 286 2.35249283104
4670 108 1.97316278687
4672 221 6.00656595604
4676 111 0.0
4682 290 6.08306637889
4686 592 6.93267847184
4687 585 9.32198001366
4688 251 3.98965235621
4689 2832 0.0
4692 568 5.7187893367
4693 149 3.42763122245
4695 279 8.36830794908
4696 220 5.58865770496
4704 107 0.333036211396
4707 92 2.018633745
4714 539 4.32035842276
4724 2621 0.0
4730 1 0.0
4736 489 8.34020703491
4739 1 0.0
4749 577 8.17889651603
4753 1247 0.0
4756 1 0.0
4757 652 4.31448914984
4759 462 2.0043195907
4760 216 10.2099283806
4761 159 6.842636559
4770 296 9.0201332281
4776 1 0.0
4778 557 7.3074649263
4781 352 1.24046906939
4783 500 2.69761871734
4784 370 2.35370332345
4789 391 3.70507789533
4791 556 12.1956814999
4793 581 3.37470087068
4795 226 3.2675438367
4798 160 5.03125710529
4805 1 0.0
4806 1124 0.0
4809 457 6.28837930765
4810 257 4.09464151328
4811 88 10.8798540395
4812 203 6.76762408125
4817 638 3.08716803245
4825 1051 0.0
4826 1 0.0
4827 644 7.71859308422
4831 169 9.70797639831
4836 166 4.14822245305
4838 69 10.3234075834
4841 102 0.0
4844 93 6.02457493302
4847 91 4.84713953366
4848 1936 0.0
4854 290 5.36285559665
4856 204 1.52553636923
4857 135 2.08273473467
4859 1184 0.0
4862 96 1.02628731744
4863 1 0.0
4870 475 3.96254052527
4875 298 8.4500926281
4877 923 11.1109201645
4878 372 5.49991746064
4882 50 2.38208689744
4883 151 6.11252300815
4890 204 5.8366468139
4895 1 0.0
4901 161 8.69323472641
4903 152 6.86065513182
4905 543 3.79265528558
4906 255 7.37066194001
4907 148 0.624037717074
4908 154 4.69726937966
4913 752 7.17874659899
4916 256 10.6423937315
4919 258 7.12558453942
4923 685 8.85742441679
4925 533 3.4142201018
4934 1 0.0
4935 430 12.3621707906
4936 128 1.92768546335
4941 117 9.24919506923
4942 1202 0.0
4944 119 14.1709270252
