2 355 -9.13602962712
4 92 -3.45013061071
5 118 -1.21478356096
6 248 -8.74077178589
8 246 -13.0768030206
9 195 -7.57069574105
10 241 -5.27325060844
19 127 -5.12814924301
20 202 -1.73236122301
25 1 0.0
33 194 -7.75705796537
34 29 0.0
35 447 -8.57721326554
36 481 -14.3761642988
38 382 -4.52906172103
39 203 -4.66264084109
40 30 0.0
41 226 -15.5247456633
42 411 -5.18016586615
43 521 -4.03383202886
44 510 -1.97864743564
46 588 -6.2117618935
47 1 0.0
48 629 -2.14211590295
49 609 -10.5587545161
50 443 -13.8508464891
52 660 -7.34287377343
53 2698 -0.0
54 137 -3.59286812145
55 315 -4.326993516
56 250 -17.0588566339
57 330 -4.07652753701
61 945 -10.2887606215
64 1 0.0
65 2665 -0.0
84 1 0.0
88 1 0.0
89 1862 -0.0
91 238 -4.52637593465
92 1 0.0
93 732 -10.1813455411
94 450 -15.3930448246
98 549 -3.77150545041
99 295 -8.60713518994
101 1 0.0
108 1 0.0
114 150 -3.24146615644
115 128 -1.557926406
118 710 -6.96775420593
129 676 -17.8027553354
130 494 -14.0904309028
132 411 -8.59608745268
133 574 -5.55523506942
134 769 -22.7661499631
135 326 -18.716625658
136 256 -9.96723703401
137 226 -1.85843355435
138 190 -1.20304374347
139 321 -12.1264009317
140 135 -8.95140150743
142 224 -6.11710301789
143 313 -10.7217307159
144 150 -1.98001370725
145 343 -11.9841303412
146 263 -6.0231214557
149 173 -6.96888083953
150 88 -6.20050747902
151 313 -6.46443252697
152 162 -3.89213984039
154 928 -19.8523538267
156 554 -4.6262596404
157 282 -5.58432738103
158 266 -5.63898703025
159 249 -9.12123149537
160 159 -6.66926318745
161 314 -8.2621177699
162 289 -8.25565250794
164 346 -4.59521258243
165 219 -5.2011262672
168 1810 -0.0
169 295 -5.68808907018
171 176 -5.61631966177
174 228 -3.01452963345
175 559 -4.1526497689
176 668 -6.11045881834
177 263 -7.3618241776
181 169 -3.55034306362
182 188 -7.81252544609
183 338 -12.7085728684
184 727 -11.7465437713
185 84 -2.47349051404
187 199 -3.78576397734
191 136 -2.13559313482
192 1075 -0.0
193 185 -7.90550809789
206 92 -11.8407301935
207 143 -0.62359392709
208 186 -25.8369708699
209 102 -1.64867984555
211 420 -14.0300711965
213 189 -2.04844366526
214 276 -2.41273254051
215 146 -1.52583818372
218 266 -2.73045167708
219 147 -1.53105473974
221 921 -12.4487733585
222 610 -8.29999360404
225 76 -2.05796093599
226 95 -1.25605232257
227 66 -8.65908580861
228 105 -0.349810724815
237 165 -4.74526206017
238 96 -0.902676707115
241 169 -4.02417685031
245 166 -5.45661013673
246 180 -12.2229090349
247 331 -3.87255676266
250 365 -1.08438700385
260 109 -0.935363794138
261 92 -1.46046329691
262 111 -3.29928375185
263 71 -0.166214466085
268 135 -0.649232687049
269 85 -0.320014818462
276 582 -10.1064117461
277 141 -3.64592781769
278 192 -6.40771295534
279 160 -8.32964179211
280 143 -20.6012013166
281 114 -3.48644352815
282 153 -2.64669997456
284 261 -6.6764906748
285 187 -4.89380373181
288 156 -7.44448275619
291 133 -6.79125190586
292 350 -4.31878880376
293 274 -7.780705754
295 92 -0.124812268137
296 2438 -0.0
298 42 -0.756807277458
302 80 -1.97311806498
307 142 -3.36672903471
308 156 -6.92959705194
309 88 -3.29093595708
312 579 -6.92326115223
314 1 0.0
315 1 0.0
319 306 -3.80302701249
322 84 -0.746850751481
323 209 -7.56471419247
325 159 -7.88936657423
326 89 -1.91847921765
327 57 -0.536899331372
329 68 -14.2860004986
330 105 -0.272949713676
331 99 -0.129473521108
332 36 0.0
334 131 -1.94810963417
336 155 -0.914261981078
337 209 -1.44557938687
340 292 -4.76590310071
341 414 -0.669220336321
343 132 -2.32417468883
344 131 -15.3260827082
345 274 -10.0889566877
346 67 -1.14423274667
347 486 -28.9774185998
348 198 -9.06110401931
351 112 -9.11140841485
354 234 -8.57645772821
355 108 -7.09068559977
366 47 -3.5707091938
368 179 -4.86551484261
370 194 -1.53494301595
371 111 -1.54253752864
372 148 -1.01684903865
373 95 -9.7814749933
374 72 -5.56668815886
375 716 -8.88099618275
376 108 -8.90439193889
378 192 -8.20429043531
385 597 -10.0495180754
386 285 -9.84161660742
387 100 -18.4240205953
391 176 -1.49973840547
393 185 -1.82311235868
394 427 -18.9458812064
395 555 -12.0557742138
396 128 -10.4312781258
400 986 -21.8321882512
401 356 -8.31992737568
402 192 -16.5152652575
404 66 -1.92057369592
405 1 0.0
406 330 -10.0576316501
408 70 -10.9193666647
414 74 -4.4441796526
415 191 -9.43135729527
416 90 -3.27329508306
439 84 -0.997263316198
440 638 -10.3927980938
441 652 -9.3223529944
443 209 -9.24539926137
444 321 -11.343941841
446 53 -2.63262858954
447 75 -3.52302973729
453 191 -2.88479351489
454 288 -4.57870715077
459 15 0.0
476 670 -9.83777472202
477 449 -14.500940728
479 255 -3.71015905395
482 436 -9.50110290035
483 156 -6.76884349403
484 613 -10.5546994323
485 237 -6.00591748836
486 94 -2.13558331515
489 881 -11.5432890506
495 740 -6.48210333275
501 383 -6.84285187156
502 247 -14.7019260023
510 543 -11.9169061239
511 266 -22.6663138531
512 185 -4.01788998324
513 166 -5.98091802906
514 630 -7.46866239025
517 86 -0.83863676146
523 1 0.0
529 1 0.0
532 209 -15.7884165787
533 1 0.0
534 714 -8.22027310646
536 837 -11.2729848044
537 211 -9.91268083588
543 244 -12.6917075554
546 469 -8.47318067858
548 132 -4.10403234894
550 127 -4.75270109029
551 101 -4.08168641378
554 72 -12.1889350777
565 1 0.0
566 937 -13.1074808292
569 737 -7.06258643456
573 237 -28.2374925935
577 545 -9.95332245053
578 697 -7.90727436455
581 223 -5.36795539952
582 247 -3.86383403511
583 264 -9.78471634754
587 146 -4.22224161109
588 68 -2.51141049745
589 177 -11.4526322645
592 199 -11.3193674012
593 134 -13.4063733853
594 83 -4.49684739738
595 84 -0.138188694033
596 128 -7.62166990569
597 82 -10.6223819477
600 691 -11.7481900683
601 124 -23.4176282599
603 1 0.0
607 249 -29.0816882874
608 171 -6.37845101588
611 835 -14.9529895879
612 1544 -0.0
614 117 -8.80270543867
616 145 -6.25031876231
618 145 -9.13165506058
622 1213 -0.0
623 767 -17.2915888559
632 119 -0.42299878079
641 291 -9.70229437211
642 1178 -0.0
648 147 -10.3767684628
649 108 -8.41346236989
650 99 -3.58792878543
651 123 -8.13665993489
653 98 -10.0895684052
654 58 -1.19614720177
657 216 -5.55464406664
662 234 -5.95241412621
665 405 -12.747198515
675 440 -18.4284578755
677 128 -12.057954159
681 1 0.0
684 120 -2.47086130065
686 283 -12.9875169069
687 36 -0.222052260597
688 1 0.0
691 101 -2.21062864663
705 173 -6.28692900084
706 249 -24.5403608907
707 114 -1.82506748217
708 68 -1.41791956371
709 299 -3.35005999553
711 325 -7.55595194518
715 147 -7.84189312222
716 130 -3.28736937146
717 201 -2.41838470859
718 118 -4.58122336298
726 643 -15.0794342605
727 1760 -0.0
730 215 -6.9268277893
734 1 0.0
738 1050 -0.0
739 1 0.0
743 203 -18.1417229725
746 125 -16.7770101033
759 321 -1.60477944215
760 134 -5.39381587143
761 162 -7.88805778067
764 205 -14.8394552671
765 167 -6.7476114067
766 295 -9.99767771138
768 1 0.0
774 1 0.0
776 1 0.0
781 1 0.0
782 1 0.0
788 853 -14.3317431551
789 198 -5.37002163228
812 463 -18.9622151901
813 342 -9.07996199257
814 306 -19.7860044466
815 144 -12.9867715168
820 1 0.0
821 1119 -0.0
823 535 -4.60761257842
824 208 -5.20345762571
825 228 -8.90391748594
826 212 -4.19823921899
828 214 -5.0592362906
831 570 -18.7266024004
834 1 0.0
838 112 -9.80286901406
839 261 -1.70260262426
844 308 -17.5195318375
845 1 0.0
847 443 -18.4987696708
859 1 0.0
862 2443 -0.0
863 1 0.0
864 1 0.0
865 1 0.0
866 3518 -0.0
867 385 -13.5234211558
868 659 -9.28734290037
869 552 -9.52938335514
877 308 -17.9619536139
878 208 -4.27525043933
880 164 -1.29057139388
881 80 -0.346169688998
884 1002 -0.0
913 711 -6.60847718305
914 1 0.0
922 1397 -0.0
923 773 -11.6400695302
924 412 -14.997482781
926 1920 -0.0
927 383 -4.52807545191
935 1597 -0.0
936 184 -4.86063840225
938 641 -11.7112419746
939 298 -12.5034410751
946 1548 -0.0
948 221 -6.22170254262
950 937 -20.449304038
962 1 0.0
963 2257 -0.0
965 2562 -0.0
970 1 0.0
975 1174 -0.0
977 1 0.0
979 1311 -0.0
982 346 -5.00311953553
985 406 -4.12409437862
988 176 -11.0477925669
990 1 0.0
992 446 -17.4075124441
997 239 -19.5945545339
1001 242 -5.60638057763
1003 216 -5.1617991637
1006 1612 -0.0
1007 789 -13.2173154798
1008 318 -27.7520344177
1013 1 0.0
1014 4484 -0.0
1015 747 -13.0367176783
1016 1 0.0
1017 1 0.0
1019 1 0.0
1022 304 -7.94077221369
1024 412 -8.19513097061
1030 1 0.0
1031 1089 -0.0
1039 151 -1.19724071717
1040 434 -9.99998534695
1044 1 0.0
1045 547 -10.6314551128
1047 1 0.0
1048 420 -7.6127623924
1050 307 -12.5803131594
1053 1560 -0.0
1058 1 0.0
1064 721 -13.8427200844
1066 205 -10.7484661311
1068 1 0.0
1069 45 -0.36679690858
1071 477 -15.1641403881
1072 197 -8.10257135137
1073 830 -9.41557388477
1074 524 -3.56097081173
1077 1 0.0
1078 1 0.0
1079 130 -1.98000895277
1080 107 -7.50748362328
1081 1137 -0.0
1084 1 0.0
1085 407 -4.25582610482
1089 1 0.0
1090 1556 -0.0
1091 351 -9.03153992655
1094 159 -8.8376392907
1096 1 0.0
1097 532 -4.44606016347
1100 659 -8.2296575624
1101 157 -12.2447437658
1106 609 -5.69459757346
1107 307 -9.67863087796
1110 213 -3.92733837939
1111 94 -6.57457519103
1112 147 -9.57551585124
1113 210 -3.68329148826
1114 246 -10.8896042135
1127 198 -8.79013324161
1128 584 -6.69520260551
1132 268 -4.9316007206
1133 303 -2.84213011946
1134 135 -2.77422512048
1139 328 -3.04596320458
1140 1 0.0
1143 178 -4.96796637419
1144 129 -2.04806734172
1145 112 -9.014326832
1146 175 -9.88489121848
1147 453 -4.36136490989
1148 220 -1.70937527379
1150 1001 -0.0
1153 531 -5.36369957972
1158 139 -1.40236618173
1160 339 -5.92599799793
1162 205 -6.86303402606
1163 183 -4.10228039711
1166 239 -3.9130670109
1168 943 -9.66968485992
1169 1136 -0.0
1171 993 -16.3924260201
1173 240 -11.8804759697
1174 136 -2.21231380596
1178 572 -3.75006846281
1180 1 0.0
1181 1 0.0
1188 246 -6.00238451955
1189 426 -12.6119786799
1190 116 -1.33405528689
1191 84 -1.37366929413
1196 481 -12.0567487874
1197 628 -10.7179520761
1204 1 0.0
1207 478 -6.88087937166
1208 436 -5.1073118358
1209 441 -7.20099124618
1210 277 -4.49189664626
1211 593 -4.99999193541
1215 834 -10.6825058384
1216 309 -8.69342894554
1218 143 -2.97468098788
1229 1105 -0.0
1230 321 -11.9548419599
1236 183 -6.49618796194
1239 235 -8.67717274094
1240 317 -4.66258180902
1242 1718 -0.0
1243 677 -9.33561052516
1245 302 -5.82514161116
1247 1 0.0
1252 482 -7.77382169625
1259 149 -7.63252531801
1260 235 -6.39712399924
1261 189 -11.9793946703
1263 1652 -0.0
1265 611 -4.90228258373
1266 923 -14.750419116
1275 120 -1.72312837276
1276 102 -4.43534118541
1277 270 -2.54976488231
1278 854 -9.46489190111
1279 84 -4.06489069952
1283 812 -6.78555603741
1285 77 -3.55802015057
1288 228 -9.86957046003
1289 80 -0.938687234914
1294 639 -11.7393060852
1298 78 -11.9862696974
1301 264 -8.17695325708
1302 1 0.0
1314 311 -7.81928940019
1315 193 -4.28824316215
1317 175 -2.1105218821
1319 74 -2.14641944584
1322 141 -3.77166289346
1326 232 -5.6236003469
1330 378 -5.87052051916
1331 1 0.0
1332 346 -4.29687783231
1337 133 -3.24633192993
1339 153 -6.32827946389
1344 98 -2.7149672146
1345 675 -10.4246925938
1349 61 0.0
1350 313 -11.5961187637
1352 410 -7.3514741862
1353 1 0.0
1354 484 -15.0479002383
1355 1 0.0
1357 301 -8.90447939487
1359 653 -11.2664752667
1361 413 -6.16467057521
1362 143 -1.19268528635
1363 210 -2.90983998106
1366 490 -5.3957827289
1367 456 -9.87723409179
1368 115 -1.05470528292
1371 273 -14.5826786328
1373 365 -4.89780813717
1374 312 -7.41377729812
1375 586 -5.39390619027
1377 218 -12.2979894586
1378 232 -11.5685791852
1379 231 -18.4496247051
1380 260 -7.69947465588
1381 127 -4.79147032691
1382 1 0.0
1383 266 -6.33046389476
1386 400 -12.663241756
1387 295 -15.2884420985
1390 51 -8.14195726455
1391 486 -4.60548256903
1392 1648 -0.0
1399 1 0.0
1402 106 -9.63142995876
1405 911 -13.0488604316
1406 493 -9.78012640672
1417 266 -6.81822155014
1420 511 -5.59673359094
1421 213 -7.67160734926
1424 1328 -0.0
1427 310 -8.38943216544
1428 1 0.0
1431 332 -14.9064416709
1433 287 -4.42380637501
1435 106 -4.53442698032
1436 593 -8.34619016831
1438 1 0.0
1440 1265 -0.0
1441 75 -3.72732092608
1442 172 -2.91026443499
1443 452 -3.74052359215
1449 1 0.0
1450 215 -2.92745606436
1451 176 -3.64799759397
1452 446 -7.84384180516
1453 143 -0.633430830179
1454 176 -4.39517374746
1455 150 -0.593410487494
1459 148 -2.84202543519
1460 132 -3.74100642134
1466 171 -1.16561338117
1471 976 -15.9726841628
1472 189 -8.08238133266
1475 1 0.0
1480 605 -4.64141607447
1485 233 -3.82000212698
1487 480 -4.4089576445
1488 1 0.0
1490 1 0.0
1494 1 0.0
1496 295 -10.6834333053
1497 270 -3.46921172766
1498 168 -8.56272829352
1499 1 0.0
1502 1 0.0
1506 285 -10.1082349272
1507 293 -10.2118043841
1508 620 -11.7090040199
1511 227 -4.10797987089
1526 439 -6.99776294796
1527 247 -6.29214117111
1529 1 0.0
1531 265 -10.5608850524
1538 694 -6.941975093
1555 1 0.0
1556 236 -6.33686188243
1558 253 -10.313084386
1559 176 -5.28051713743
1560 1 0.0
1563 2664 -0.0
1564 224 -5.6275495572
1573 556 -8.55082818621
1579 520 -2.6643226327
1580 186 -1.81042823213
1581 1 0.0
1582 1 0.0
1585 1 0.0
1588 1 0.0
1590 182 -4.35637478846
1591 244 -18.3301443927
1592 181 -0.529428618957
1593 334 -8.0664225202
1600 779 -15.4479004082
1602 325 -7.21630476543
1604 1 0.0
1605 1 0.0
1606 1 0.0
1607 148 -3.47780303991
1609 1 0.0
1618 476 -6.58351301462
1623 1 0.0
1624 1 0.0
1625 1 0.0
1627 402 -20.0902625742
1633 694 -9.95646993345
1634 1 0.0
1639 1576 -0.0
1640 189 -17.382561444
1641 529 -8.13785098828
1642 1 0.0
1651 1 0.0
1652 130 -10.350972442
1657 1 0.0
1660 1 0.0
1661 733 -10.38973276
1662 145 -8.7936963214
1663 1 0.0
1680 643 -5.00886407575
1681 763 -19.9532034313
1682 1 0.0
1683 569 -9.58347408471
1689 393 -6.42077313559
1703 579 -6.04015410671
1714 1 0.0
1722 1 0.0
1736 526 -9.38545519931
1737 1 0.0
1747 167 -6.54023702059
1748 1 0.0
1750 463 -13.2136778005
1761 206 -4.61293789963
1762 447 -4.78153451735
1766 420 -5.78705576642
1767 136 -1.97592269948
1769 266 -14.8427138628
1770 1 0.0
1773 634 -8.27093749283
1783 737 -8.46125019307
1784 114 -6.20964872582
1785 868 -12.6312359906
1788 251 -6.76057934573
1791 1 0.0
1801 273 -4.54095797155
1802 565 -9.78071124666
1813 182 -22.8288358119
1844 1 0.0
1845 319 -4.86593927149
1847 238 -8.48931407129
1850 631 -12.8218016416
1851 422 -12.7516239881
1852 1 0.0
1853 419 -4.89304860172
1856 98 -1.20050089491
1857 1 0.0
1861 104 -2.292941665
1862 121 -0.998679795838
1866 1 0.0
1869 128 -0.756212921645
1870 82 -3.47634166195
1871 1 0.0
1872 996 -26.9544502826
1874 297 -15.6184081251
1884 47 -0.701837317257
1885 114 -1.64938083997
1886 108 -4.81255274169
1887 202 -5.79299822252
1888 463 -5.80173687827
1898 1 0.0
1905 703 -12.7709412775
1908 154 -6.64775570653
1914 1 0.0
1929 80 -0.334191963009
1930 1 0.0
1936 1 0.0
1937 226 -10.7950701712
1938 44 0.0
1942 223 -9.76117442246
1943 1 0.0
1944 1069 -0.0
1946 529 -7.28459872851
1951 184 -2.10099166023
1952 1 0.0
1953 656 -6.99735872841
1957 99 -4.39884734283
1959 586 -7.78880214147
1961 24 0.0
1962 189 -3.71728273899
1968 331 -19.6600517268
1970 1 0.0
1977 1 0.0
1982 1 0.0
1984 183 -11.5936414427
1985 1 0.0
1986 181 -4.75650340493
1987 103 -1.8565831741
1988 506 -5.88882675149
1993 345 -4.72725162857
2001 350 -7.03781398851
2003 160 -6.1623266633
2004 364 -5.20662407215
2005 442 -6.37330646506
2007 755 -17.8653884765
2008 1 0.0
2009 1 0.0
2010 646 -15.9076988644
2013 705 -11.8155475755
2017 247 -3.29889913675
2018 334 -6.19990577755
2020 116 -2.11363776267
2021 79 -0.632038524325
2022 1 0.0
2023 365 -9.74231537032
2026 397 -12.7370717331
2034 172 -5.65586402498
2035 231 -7.30740698048
2038 1 0.0
2042 217 -1.09638973453
2047 273 -4.03195795538
2049 212 -0.972582041508
2056 326 -14.6485441931
2057 179 -5.13844930516
2058 999 -19.4951463553
2060 105 -1.07808944627
2061 114 -0.800655548343
2063 294 -5.24094249147
2064 132 -2.65776404528
2069 107 -2.23940782224
2072 331 -11.9809043032
2074 67 -8.34069407637
2075 67 -0.495273110539
2076 144 -1.34151397707
2077 1007 -0.0
2078 306 -6.88586537215
2079 498 -18.6563146179
2080 391 -7.37294301116
2083 1 0.0
2084 431 -13.1177846808
2091 598 -9.22532561112
2104 290 -10.1217639736
2105 148 -8.88099324546
2106 271 -12.9192527052
2107 1057 -0.0
2108 1 0.0
2109 724 -10.3701988298
2111 168 -2.55297367752
2112 82 -1.68620890478
2115 286 -3.56239563135
2116 198 -10.7098239109
2121 214 -1.15379860467
2123 357 -11.7722256379
2124 151 -4.27600224473
2125 152 -9.34792859935
2126 674 -11.8280190689
2128 503 -6.40735428749
2129 1 0.0
2135 68 -1.08891203734
2136 222 -11.1921086078
2137 1 0.0
2138 770 -10.8351173249
2140 428 -17.8575145925
2141 226 -6.92959924028
2143 292 -4.19660348044
2145 119 -1.69953553226
2146 145 -3.58684979831
2147 190 -2.27387320913
2156 262 -4.16778564257
2157 107 -4.7403581959
2159 469 -6.64630868051
2169 398 -10.8937433584
2171 235 -11.3773786218
2173 203 -4.21180565531
2181 1 0.0
2185 1 0.0
2186 212 -2.45279352284
2187 348 -1.44000333245
2188 1 0.0
2189 1416 -0.0
2192 739 -9.77140588193
2194 75 -3.22646704776
2197 86 -14.2872385759
2198 84 -1.14326034838
2200 93 -4.15770371329
2202 111 -8.0029912102
2203 133 -0.458765027634
2204 24 0.0
2214 276 -3.01810904999
2215 623 -7.78072810297
2223 1 0.0
2234 272 -9.75010830778
2241 422 -8.12017275836
2242 686 -9.4237950559
2243 313 -11.1540487646
2244 1 0.0
2245 1872 -0.0
2247 162 -3.10918519466
2252 499 -7.16940414633
2254 143 -7.04839128046
2278 53 -0.755360027462
2285 67 -0.316630269526
2287 151 -5.3911407101
2288 87 -0.49041105189
2289 1 0.0
2290 974 -12.9583081534
2292 117 -2.76017340303
2293 124 -2.91063254646
2296 253 -11.7664753921
2298 49 -8.25773649841
2299 446 -9.33017541118
2300 1 0.0
2301 362 -6.72316428142
2305 224 -7.8880285254
2306 246 -10.1899035792
2308 1 0.0
2311 291 -6.44958028842
2313 327 -14.5845380497
2329 3213 -0.0
2337 65 -3.593650998
2342 252 -7.07057440749
2344 178 -8.45968992304
2348 51 -1.34822824265
2349 182 -8.71587435412
2353 1564 -0.0
2357 134 -0.223891410711
2358 155 -4.4467343133
2359 1 0.0
2360 963 -22.6303907578
2362 468 -9.78518530959
2365 1 0.0
2368 1 0.0
2371 1 0.0
2374 1277 -0.0
2375 504 -3.89950664066
2377 1331 -0.0
2380 413 -5.21224305472
2385 48 -1.19830972883
2386 47 -1.24504971906
2390 564 -8.32465413152
2393 284 -4.52030542852
2398 289 -3.40260678382
2399 325 -8.08786148741
2400 1 0.0
2403 337 -8.80334014585
2404 53 -0.373723963598
2415 218 -3.18758568897
2416 224 -3.35382728697
2418 408 -7.9667126034
2420 395 -8.46136806524
2422 120 -2.01251657956
2423 558 -5.70811286951
2426 195 -4.67606498873
2427 312 -15.6289921504
2428 1 0.0
2429 589 -6.11792653428
2435 1 0.0
2436 357 -5.45056909303
2438 647 -12.2992593413
2439 115 -2.13177338647
2442 134 -5.12211282196
2443 67 -1.39308013656
2447 1 0.0
2449 1 0.0
2451 490 -17.6418683802
2454 1 0.0
2457 135 -2.42841642672
2459 129 -9.56211138216
2465 113 -5.10450260191
2468 1 0.0
2469 92 -1.17106857951
2470 1 0.0
2480 171 -8.11060704728
2482 170 -5.57540637655
2484 313 -5.90930068075
2490 1131 -0.0
2493 201 -12.0313474782
2502 226 -13.6118259188
2504 760 -12.3672638542
2505 1663 -0.0
2507 174 -5.13373550408
2513 120 -2.35923322781
2515 248 -9.06061449738
2516 1 0.0
2517 669 -6.87232315724
2521 1371 -0.0
2522 340 -6.84538715865
2524 330 -14.4603424342
2525 528 -7.32484556895
2530 126 -5.20235425975
2532 126 -3.92177525302
2533 218 -5.93517578052
2535 461 -15.9881818529
2536 971 -14.7749454892
2539 181 -5.1550594317
2546 115 -3.44678583113
2548 1139 -0.0
2552 1 0.0
2563 1347 -0.0
2565 133 -5.09868712064
2570 1045 -0.0
2573 423 -10.5413801323
2575 361 -6.11242430583
2586 888 -8.56196246458
2590 510 -3.51325955517
2592 253 -8.27563865027
2595 51 -0.7985210847
2596 263 -10.3280787618
2599 1196 -0.0
2601 332 -8.87151597734
2605 256 -4.27438843484
2606 208 -7.45800880936
2608 1 0.0
2609 1318 -0.0
2614 190 -12.3809258049
2615 483 -6.99611155965
2617 389 -5.86988845461
2620 123 -5.51796934848
2623 1082 -0.0
2632 377 -13.1187243211
2638 1 0.0
2639 452 -10.7442212806
2641 536 -8.42496121683
2642 338 -11.5755446099
2651 340 -6.30683106574
2653 237 -4.50918344091
2654 1 0.0
2655 220 -4.0563863239
2656 203 -2.03454283799
2658 318 -7.48093713649
2661 241 -5.43322277243
2665 1 0.0
2667 206 -11.2281827161
2671 409 -9.8439173154
2680 234 -4.6645750188
2685 55 -0.162131125097
2686 1065 -0.0
2689 529 -5.1329624228
2694 1415 -0.0
2696 76 -4.56737905189
2697 129 -7.38910213322
2698 198 -2.35730001587
2699 272 -5.0622094617
2700 421 -11.1883025572
2701 1 0.0
2702 1742 -0.0
2707 357 -8.47907259078
2712 495 -9.45523559533
2715 95 -1.74683727509
2720 255 -8.47056825135
2726 1341 -0.0
2727 405 -7.58022037359
2729 821 -15.659495931
2730 315 -18.3820705957
2734 354 -8.79606758853
2735 1026 -0.0
2740 1 0.0
2754 82 -2.3765157697
2758 129 -2.91382967636
2759 590 -6.41777757585
2760 101 -0.953997946356
2763 1 0.0
2765 115 -5.32765622922
2770 191 -2.35417963247
2774 75 -0.14503490685
2776 1 0.0
2779 432 -8.76779921308
2780 144 -3.72042985231
2781 421 -10.6869699066
2788 210 -0.671677919734
2790 315 -8.64718046306
2791 78 -1.35563225165
2793 1 0.0
2795 518 -3.70673768143
2796 145 -5.65461515215
2798 288 -4.53435726364
2799 455 -6.71654973817
2800 193 -3.98033736619
2801 384 -4.16507884331
2802 1 0.0
2803 441 -10.9614163515
2805 121 -3.46255594107
2807 439 -8.42167026267
2810 105 -1.72439012949
2811 224 -4.17527347677
2814 1 0.0
2817 670 -10.6769282681
2818 1 0.0
2819 103 -2.70337694607
2829 216 -8.04105634667
2830 501 -4.81909142373
2834 158 -1.78096217488
2837 135 -2.76843384299
2844 114 -1.88112217356
2848 216 -5.00644697245
2849 213 -11.1636970529
2851 1 0.0
2852 1 0.0
2856 78 -0.678511186065
2857 1 0.0
2860 1 0.0
2861 1580 -0.0
2864 119 -5.59789069709
2869 1 0.0
2870 393 -6.86651483899
2873 167 -9.67478528269
2874 1 0.0
2875 158 -3.7026797241
2876 392 -10.1129225852
2877 336 -11.6815181146
2880 345 -4.97269683104
2881 201 -5.90506530436
2883 439 -8.0507700031
2884 471 -9.90230420107
2887 158 -3.37282945959
2888 204 -8.37847193198
2890 394 -5.24292058091
2891 562 -3.043746989
2894 203 -5.13514862765
2895 576 -4.57059053163
2897 230 -5.67407218013
2899 328 -5.97045755895
2901 1528 -0.0
2902 335 -6.61809585204
2905 109 -6.78802675639
2907 52 -4.63322585402
2908 335 -7.03324588654
2910 721 -9.10023109503
2912 748 -8.93240699241
2917 429 -3.38970270583
2918 449 -3.24945934161
2919 78 -0.949783268065
2920 1 0.0
2921 1082 -0.0
2931 307 -3.62810285455
2932 114 -1.2440780341
2935 619 -8.15974860503
2936 1 0.0
2938 1 0.0
2941 292 -7.10417382586
2942 1 0.0
2951 170 -2.4330458839
2952 1 0.0
2955 1 0.0
2956 117 -1.94101604289
2957 42 -0.605812021539
2958 107 -2.25295643776
2959 222 -2.34537071554
2960 1 0.0
2961 410 -5.52893201374
2963 146 -2.46205792746
2964 260 -2.69597661044
2966 329 -4.96604532552
2967 244 -7.82708798065
2968 107 -2.87405094596
2972 78 -2.9471105785
2974 1 0.0
2979 159 -7.7337298507
2981 194 -6.76450647862
2982 158 -2.52637368237
2984 172 -3.85369119219
2985 1 0.0
2992 167 -12.1667487296
3002 109 -2.65032946808
3004 725 -14.4574791791
3010 1 0.0
3012 106 -4.94838653177
3013 1062 -0.0
3014 282 -9.03108901622
3015 1 0.0
3016 96 -5.64566651788
3017 118 -5.53682245986
3018 426 -11.5115451744
3021 1 0.0
3026 294 -5.78782381962
3027 462 -8.84819111795
3028 69 -1.02967619547
3029 1 0.0
3030 230 -3.54088389832
3033 38 -0.225827462764
3037 171 -2.72606960846
3040 506 -3.24953151227
3041 1405 -0.0
3043 172 -1.54271067819
3044 458 -9.93254272999
3047 162 -9.43555508505
3050 164 -2.35140836151
3053 759 -7.50616518794
3057 129 -1.41117481101
3058 117 -4.14375527203
3059 252 -5.21044853438
3061 336 -3.82422710831
3063 201 -4.54465712216
3064 305 -7.41947658487
3065 1 0.0
3066 235 -5.7634572508
3067 307 -2.92002980041
3070 450 -13.3025634994
3074 161 -0.616749439698
3076 1 0.0
3077 535 -7.02638428847
3081 353 -8.42882392795
3087 886 -17.6097881822
3095 22 0.0
3096 28 0.0
3099 1148 -0.0
3100 1 0.0
3101 527 -3.5099953084
3102 1 0.0
3103 220 -6.99125259668
3104 424 -11.3847381233
3109 1 0.0
3111 260 -4.35292878734
3112 308 -8.37604432233
3113 1055 -0.0
3114 118 -7.51327362184
3118 193 -5.3691131924
3120 924 -16.5510569177
3121 617 -5.7070909436
3126 1 0.0
3127 239 -6.14772953282
3130 1234 -0.0
3134 1109 -0.0
3136 631 -8.9799702014
3138 495 -12.3216041969
3146 264 -4.69795901243
3151 200 -4.92164822381
3152 708 -12.7482608584
3153 1729 -0.0
3157 171 -10.8038218649
3166 248 -7.75474474014
3167 436 -7.5872602716
3168 258 -10.5273657659
3169 280 -6.71139286988
3173 51 -0.586149958462
3176 159 -1.78554961568
3180 104 -4.59045042899
3182 1 0.0
3183 933 -8.89697769216
3187 1 0.0
3189 977 -12.664123468
3191 1 0.0
3199 1 0.0
3205 284 -5.60318973655
3206 312 -3.5335317992
3207 587 -5.58265186192
3213 1601 -0.0
3214 223 -10.2835915826
3221 695 -12.3071489038
3223 1073 -0.0
3227 1315 -0.0
3234 192 -4.43861718617
3235 232 -6.10957820694
3238 200 -6.81581687476
3240 1 0.0
3242 1 0.0
3243 778 -8.30191466348
3245 575 -4.85635798462
3253 472 -6.3388106597
3257 44 -0.362060444953
3258 816 -15.0922319787
3263 187 -2.04696485653
3270 1 0.0
3272 1 0.0
3273 149 -5.13734116933
3274 192 -1.6010230948
3277 364 -5.54194754119
3281 1 0.0
3282 1 0.0
3285 61 -0.345280374259
3286 196 -4.07905401677
3287 65 -2.07047263152
3288 1 0.0
3289 1025 -0.0
3293 170 -2.11629135312
3296 1112 -0.0
3297 1 0.0
3302 1 0.0
3303 1 0.0
3308 282 -9.74077194107
3311 1048 -0.0
3313 602 -8.31214896149
3314 101 -0.624605530744
3317 403 -3.36057445931
3318 1 0.0
3319 226 -3.0798970034
3320 471 -6.7359914811
3327 1 0.0
3328 1 0.0
3334 186 -11.7662359887
3350 1 0.0
3351 1 0.0
3353 251 -10.43705129
3362 153 -1.86374732164
3363 1 0.0
3364 145 -1.55602118209
3368 130 -1.77246241216
3369 208 -4.16681617094
3370 179 -5.68257030205
3374 181 -5.434815441
3382 252 -4.42385470433
3384 288 -7.40134850909
3385 330 -6.26444868383
3388 630 -7.71430681711
3390 1 0.0
3391 1 0.0
3392 1 0.0
3393 1109 -0.0
3397 938 -13.7350537009
3398 875 -14.4052852748
3400 1 0.0
3407 169 -1.21938478611
3423 80 -1.75746313091
3427 447 -11.395954431
3429 586 -5.94586888407
3436 44 -1.26202363966
3441 1 0.0
3442 758 -10.2342932302
3445 477 -12.1885950069
3446 452 -12.9952104764
3447 417 -5.5343116457
3448 488 -16.0817707859
3452 141 -2.9297025457
3454 203 -2.57992348397
3455 245 -4.57354997547
3482 1 0.0
3486 1 0.0
3491 1 0.0
3492 910 -18.6267355671
3494 379 -3.9755248854
3496 355 -10.9837016485
3507 367 -1.99040026314
3516 127 -1.66422758236
3519 114 -5.74666400639
3520 161 -9.90173710448
3524 1 0.0
3525 642 -8.52925411787
3527 1768 -0.0
3528 101 -5.01125039739
3529 125 -1.98702317692
3532 199 -5.69359917165
3538 994 -10.6845861175
3539 146 -1.32108492578
3545 313 -6.68501998657
3549 171 -7.41026297196
3550 258 -6.48163567631
3555 326 -5.46861345175
3556 272 -9.60328488768
3557 696 -7.43795069349
3560 691 -13.6108522052
3563 121 -2.91590938665
3565 436 -4.62433208766
3591 778 -17.1729664898
3592 2877 -0.0
3593 165 -5.49222017928
3594 354 -5.8700450312
3595 223 -11.4720977729
3596 215 -6.76339149991
3597 347 -12.2809887789
3600 197 -1.80994288519
3604 1 0.0
3609 152 -7.96605011247
3612 329 -11.86092995
3613 288 -3.66041327013
3618 440 -13.0644983261
3623 130 -7.85797956162
3626 193 -7.18288738061
3634 315 -2.58096447163
3637 1 0.0
3639 99 -4.50575103974
3641 620 -10.0182960186
3648 572 -10.28008657
3649 371 -3.72141393509
3650 500 -10.751512809
3657 133 -6.19035291757
3662 1 0.0
3664 1 0.0
3669 554 -3.12687828779
3674 1 0.0
3675 827 -12.7042262575
3676 1258 -0.0
3686 677 -8.55516301634
3691 88 -0.133384096419
3693 153 -5.42998652268
3695 113 -1.7833689698
3700 183 -1.23444132264
3704 250 -6.83011338754
3710 1 0.0
3712 1447 -0.0
3713 256 -7.83141694488
3719 297 -3.65541826315
3720 100 -0.501348623634
3721 294 -10.6747778155
3723 83 0.0
3724 228 -12.7423852286
3726 138 -1.40404101943
3727 789 -12.8200417445
3739 323 -8.55575944523
3740 565 -8.91797913805
3747 125 -0.116388040165
3748 199 -9.16783864349
3749 1 0.0
3754 536 -8.66170089079
3764 227 -11.1308255151
3766 1 0.0
3772 281 -9.22158300887
3773 255 -5.52256679218
3781 88 -5.48864223898
3784 70 -1.65540946012
3785 639 -11.1462391162
3790 1 0.0
3797 474 -3.48526787316
3809 1 0.0
3810 475 -4.01945162078
3814 471 -17.2764336822
3831 2263 -0.0
3832 162 -15.2496885491
3835 465 -9.5013430914
3836 1 0.0
3845 1 0.0
3849 463 -6.54164208688
3851 258 -1.87938099226
3854 507 -7.65188932548
3858 105 -1.87867857691
3862 148 -1.12219648351
3871 235 -2.17785801776
3873 858 -15.6999325082
3874 79 -2.45827056009
3875 65 0.0
3881 220 -16.3013587318
3887 1 0.0
3897 212 -6.17060758851
3900 435 -8.05188255537
3903 144 -1.81253767141
3904 1 0.0
3905 1225 -0.0
3909 217 -1.07374303598
3910 612 -7.3568623523
3911 314 -3.62420227369
3912 138 -2.21116108356
3916 298 -12.0917284806
3917 289 -5.36012092329
3921 1 0.0
3936 1 0.0
3948 1 0.0
3949 1032 -0.0
3953 1 0.0
3958 164 -1.9132243984
3959 1 0.0
3962 212 -6.2748836134
3963 571 -7.18211215679
3964 155 -1.80628387518
3973 250 -7.53993042407
3974 1 0.0
3992 159 -9.01161911069
4000 1 0.0
4002 141 -0.647426181251
4018 1 0.0
4023 34 -0.947930534337
4024 201 -1.80266481543
4026 1 0.0
4027 292 -6.3844669942
4031 64 -1.2585640984
4034 262 -1.80639598346
4038 685 -5.39688827623
4045 278 -6.9707413284
4049 214 -9.13109830685
4051 198 -2.66109753697
4053 276 -6.93019130953
4055 356 -10.6799326119
4058 334 -5.73159953074
4060 260 -3.07069938682
4064 155 -5.20156753103
4065 1 0.0
4074 1 0.0
4083 207 -3.37127921219
4085 234 -8.93334116191
4086 183 -5.780770224
4087 129 -8.06139321568
4088 387 -13.0931160589
4097 300 -8.26085292206
4101 388 -1.59966672197
4109 199 -4.18227908202
4110 126 -2.25141782306
4113 1 0.0
4124 1001 -0.0
4125 157 -8.21635500982
4128 526 -4.8860721955
4132 297 -7.86564628372
4138 112 -1.8492477121
4139 666 -9.84741555777
4140 449 -9.0289479719
4143 852 -8.85944060877
4147 1 0.0
4152 1 0.0
4166 22 -1.02305622461
4168 255 -7.08336233407
4172 1 0.0
4175 269 -3.70575474267
4176 127 -1.19075181313
4177 172 -1.69933410093
4181 278 -5.26599502153
4184 145 -2.60199798935
4187 819 -18.4885836203
4193 1121 -0.0
4199 1 0.0
4208 107 -3.39835716865
4218 756 -6.72024851466
4221 616 -7.3378774687
4223 379 -5.77934089717
4225 101 -10.1848760115
4226 1072 -0.0
4228 1148 -0.0
4230 264 -10.3622280728
4233 308 -5.4099149124
4240 191 -2.06606571061
4241 514 -6.7889287278
4250 352 -5.4762332124
4259 1364 -0.0
4260 132 -1.69096189434
4261 692 -12.9234525391
4262 182 -5.42254174944
4263 87 -3.46330709397
4266 353 -2.39295221461
4272 386 -11.241347642
4275 119 -2.29374702374
4278 225 -11.0049250007
4281 103 -2.44489641812
4282 205 -8.72312900622
4284 69 -0.276419646002
4294 140 -3.53620101625
4303 83 -4.14307453728
4306 1 0.0
4311 626 -5.95640831801
4314 100 -1.78981250436
4315 879 -9.88257373377
4316 1 0.0
4321 34 -0.408182232687
4326 177 -6.60898789409
4327 629 -5.41582577792
4328 165 -4.44049351975
4330 57 -4.42537109398
4332 922 -17.6031603973
4334 305 -3.33814378457
4339 85 -2.67439145596
4342 136 -1.86630595855
4346 209 -8.50466737141
4351 114 -3.82193583559
4352 77 -1.0995075348
4354 10 0.0
4356 720 -3.28830198774
4357 316 -6.84622721663
4359 471 -5.49327886132
4365 79 -1.02982174709
4369 289 -5.17458268661
4385 373 -7.03764611823
4388 1 0.0
4389 533 -3.54437109718
4391 1 0.0
4393 656 -5.26685962625
4395 1 0.0
4397 1 0.0
4398 716 -10.4103734721
4404 389 -8.21811649947
4409 1230 -0.0
4426 667 -5.51002530154
4429 890 -13.0202725919
4430 1 0.0
4438 828 -6.51739309868
4443 149 -3.99765144341
4444 592 -4.52624719365
4448 283 -6.68509407782
4454 591 -8.20753327262
4455 348 -5.03848138963
4456 229 -10.5533325884
4459 458 -6.72586796794
4462 257 -5.24404214975
4464 202 -9.01313364408
4465 39 -1.66495963746
4467 209 -3.26771313612
4468 427 -8.19350685717
4470 411 -5.97170555
4471 1 0.0
4474 711 -8.11329102593
4475 1880 -0.0
4477 278 -8.71806619818
4483 55 -0.435073392006
4487 368 -8.35957824246
4492 700 -7.91385938699
4495 23 -3.08598332969
4496 430 -10.6144846577
4499 492 -14.1944098511
4509 846 -14.3709107012
4513 685 -6.34386579476
4521 109 -12.0846458991
4522 171 -8.03589932311
4527 327 -5.09072367024
4535 522 -7.09658060654
4536 1049 -0.0
4540 984 -16.1237189388
4545 212 -13.7809809719
4546 1 0.0
4555 434 -6.83340197171
4558 897 -18.5029208359
4559 116 -2.68672246183
4560 371 -9.38248442073
4562 327 -3.88214637979
4564 399 -14.871176219
4570 2045 -0.0
4571 71 -6.31683741055
4572 342 -10.1957027729
4576 826 -10.0272284961
4580 341 -4.43799060052
4583 100 -3.17897292239
4584 565 -8.86471426349
4586 231 -1.68588946314
4600 1 0.0
4608 203 -9.89947804729
4609 621 -9.12305979747
4610 1 0.0
4613 185 -3.45991067108
4614 1148 -0.0
4615 807 -7.33541383766
4619 605 -12.0055713625
4620 274 -11.8420119408
4622 1746 -0.0
4624 215 -7.28112088422
4633 107 -4.25571898559
4635 1 0.0
4636 666 -9.88987604404
4641 277 -6.58157493916
4653 771 -12.8162088317
4660 160 -9.14104184945
4661 667 -11.7626787173
4664 286 -6.46229523479
4670 108 -7.34596001797
4672 221 -5.12203231983
4676 111 -8.41085735736
4682 290 -3.28676841504
4686 592 -6.15868933548
4687 585 -8.58646828862
4688 251 -4.93219690206
4689 2832 -0.0
4692 568 -7.72458455235
4693 149 -2.24050334695
4695 279 -6.41973213619
4696 220 -10.144541857
4704 107 -1.07406213375
4707 92 -1.64667321599
4714 539 -8.61678047146
4724 2621 -0.0
4730 1 0.0
4736 489 -6.0173653868
4739 1 0.0
4749 577 -6.39670358353
4753 1247 -0.0
4756 1 0.0
4757 652 -11.7103264053
4759 462 -9.74184947958
4760 216 -4.99354634534
4761 159 -7.00039979006
4770 296 -6.28578537331
4776 1 0.0
4778 557 -4.29334358695
4781 352 -5.47711601401
4783 500 -4.58509287574
4784 370 -10.4046393425
4789 391 -6.28296962533
4791 556 -5.5339496712
4793 581 -7.46982582285
4795 226 -4.6164025588
4798 160 -3.84951257192
4805 1 0.0
4806 1124 -0.0
4809 457 -5.35813709663
4810 257 -4.94234563547
4811 88 -1.15616737518
4812 203 -5.16497885945
4817 638 -4.96143731862
4825 1051 -0.0
4826 1 0.0
4827 644 -6.47778440571
4831 169 -1.921075068
4836 166 -2.25321542059
4838 69 -5.30612406792
4841 102 -0.760549940285
4844 93 -4.58368284641
4847 91 -4.65766431572
4848 1936 -0.0
4854 290 -13.8602908655
4856 204 -9.35324770694
4857 135 -10.113407789
4859 1184 -0.0
4862 96 -7.22321901034
4863 1 0.0
4870 475 -8.60395300785
4875 298 -1.42476667005
4877 923 -20.8296256432
4878 372 -4.70886039663
4882 50 0.0
4883 151 -2.37969888438
4890 204 -5.93984640173
4895 1 0.0
4901 161 -9.53558670466
4903 152 -5.98825048553
4905 543 -4.30878584615
4906 255 -4.10657057086
4907 148 -3.34197747896
4908 154 -2.30571281351
4913 752 -11.2935510142
4916 256 -1.86351283405
4919 258 -10.7030319618
4923 685 -13.5876529876
4925 533 -2.97755791251
4934 1 0.0
4935 430 -10.3245269043
4936 128 -13.5463807021
4941 117 -2.44295092063
4942 1202 -0.0
4944 119 -9.40309001264
