
Table of Crop Yields
Crops of Corn, Wheat, & Tobacco made by Mr Josh Valentine from the year 1760 to 1770 Inclusive





Tobacco





G. Washington
J.P. Custis
Total


Years
Hhds
Weight
Hhds
Weight
Hhds
Weight


1760
30
31506
54
57910
84
894161


1761
34
34154
77
85494
111
1196522


1762
29
34593
64
72718
93
107311


1763
36
41316
97
107171
133
148487


1764
32
32897
87
93642
119
126539


1765
20
20042
71
66886
91
86928


1766
17
18930
51
55362
68
74292


1767
17
17902
36
37558
53
55460


1768
20
21288
56
62383
76
83671


1769
17
17119
38
41832
55
58951


1770
22
22996
70
72236
92
95232






1/11

1045939






average

95085


[423]




Corn


Wheat




GW
JPC
Total
GW
JPC
Total


Years
Barls
Barls
Barls
Bushls
Bushls
Bushels


1760
550
1607
21573
206
476
6824


1761
559
1540
2099
78
253
331


1762
542
1637
2179
97
600
697


1763
584
1712
2296
78
280
358


1764
668
1473
2141
115
642
757


1765
461
1609
2070
38
3
41


1766



181
764
945


1767
576
2190
2766
56
82
138


1768
484
1990
2474
91
913
1004


1769
440
1648
2088
93
20
113


1770



219
600
819




1/9
20270

1/11
5885




average
2252

average
535


